lambda,markovitz_sqrt,HPG,ACB,MBB,KDH,MWG,VNM,SAB,GAS,ACV,FPT
0.0,-416349.67017595744,0.0002035549004704712,0.4,0.19423798298554631,0.002058654160436392,7.461425360449438e-05,7.460617728759369e-05,0.0021209046309209998,0.001155076712878773,0.4,7.460617886450911e-05
0.005,-408823.3778284369,0.0022145438888546863,0.4,0.19087890681565495,0.015368903910348963,0.0006759096034233918,0.00030172408210372417,0.020666046881896424,0.002248218286373469,0.3673440224492463,0.0003017240821038463
0.01,-406335.86711939663,0.0004887975858888607,0.4,0.1751987579931012,0.006098738027786961,0.00024507093089746297,0.00014301939679477966,0.017191966161386005,0.0004906304391289266,0.4,0.00014301946502562668
0.015,-402282.94970640546,0.000352487795376794,0.4,0.18922052759726374,0.003785502062263022,0.00035247950408155135,9.01121651780734e-05,0.005040316471906245,0.0008061092246620116,0.4,0.00035246517927834146
0.02,-397235.0826037929,0.00018040988388106716,0.4,0.17500754003564112,0.0008375839844057764,0.0001753651282570752,0.00014103705558616146,0.022685329900761702,0.0008316969558800796,0.4,0.00014103705559826126
0.025,-393474.6868877801,0.00021579432254502308,0.4000000000000001,0.19646709579771124,0.0009205184542116305,0.0002157249927491905,7.105108882103857e-05,0.0015919395556493608,0.00033375123122245733,0.4,0.00018412455709899104
0.03,-386841.97753995797,0.0011129374399099592,0.4,0.15436778283675964,0.012507351179120349,0.0011129236941323998,0.00046305153158421347,0.028273706508453882,0.001116454166647209,0.4,0.0010457926434012561
0.035,-382642.9787276019,0.00016939102270660427,0.4,0.17181462896651425,0.0006779149146080557,0.00016939086858564498,0.00014591908553555238,0.039402084631712665,0.00016941035599103265,0.3872818692857659,0.00016939086858617347
0.04,-378472.6504915543,0.002164468385394002,0.4,0.17961727330560126,0.006263868784759999,0.001478516088740524,0.0006506187778627557,0.0070101388667337785,0.0021644966325207213,0.4,0.0006506191583944287
0.045,-373605.6596082556,0.001756247975385434,0.4,0.16555212569163913,0.01018949831343286,0.0014786246899764718,0.0001703541012312079,0.01884732506221151,0.0017891316132325336,0.4,0.00021669255289587328
0.05,-370569.0942709628,0.00010082530927328984,0.4,0.1976353353114226,0.000961013958487975,0.00010082494350601554,3.1951374168279354e-05,0.0010163957137761244,0.00010633913159855474,0.4000000000000001,4.7314257776064865e-05
0.055,-365333.6560796499,0.0005842875361079137,0.4,0.1832220854955936,0.002367655729961572,0.00042165033851157866,0.0002174776377989025,0.012203117905961,0.0005842876758854499,0.4,0.0003994376801887686
0.06,-360789.9500673359,0.00011148133050614228,0.4,0.17950940806036075,0.0043049726444145744,0.00010286854385593922,7.993592053742225e-05,0.015699085453397,0.00011197582488186828,0.4,8.027222205490268e-05
0.065,-353636.6976243215,0.0009728834332402193,0.4,0.1124936988354702,0.017675127941960998,0.00086008960682849,0.0006723250630975965,0.06483086628192193,0.001636371336252308,0.4,0.000858637501236992
0.07,-351020.30602184427,0.0014536092466077694,0.4000000000000001,0.1710120881395276,0.002237310409911189,0.00138813086861676,0.0001797193827866627,0.021795992396296145,0.001453609250018825,0.4,0.0004795403062434906
0.075,-345293.5002719675,0.003112302636856014,0.4,0.15786282206523064,0.008145641779017219,0.0031123014061885798,0.0001992919548381174,0.0216424752204674,0.003112302636855734,0.4,0.00281286230054927
0.08,-341958.0685737893,0.00047088146295527403,0.4,0.16900733046563926,0.011955477399995505,0.0003338233559746206,0.0002829395858550145,0.01714514704311797,0.00047132666879194803,0.4,0.00033307401767068386
0.085,-336393.42476640217,0.0006515338197348228,0.4,0.14682950396694364,0.010003769214200979,0.0006515338190849745,1.982159220351197e-05,0.033913639743896815,0.007881325081426955,0.4,4.8872762519872496e-05
0.09,-332698.58148795785,0.0007319920262139007,0.4,0.16519123584073556,0.002436500496988607,0.0007319062970217616,0.00033936948564242635,0.02912498579344269,0.0007319920264017934,0.4,0.0007120180335615557
0.095,-327701.9846637397,0.0010177027175536544,0.4,0.14405329073751838,0.003449452239544151,0.0005059080536866237,8.472901206457533e-05,0.04945715417486698,0.0010177039301562632,0.4,0.0004140591346155539
0.1,-322874.255431498,0.0012849192479996428,0.4,0.16576540460690015,0.011399059054767437,0.0008543627080373269,0.0008520183268304075,0.012240012647705715,0.006750063624518454,0.4,0.0008541597832445456
0.105,-319465.0408169554,0.0008325014112906496,0.4,0.18912210131597995,0.001859345065615816,0.0004524371701975124,0.00045092215366191786,0.005515592286588239,0.0013161769088702196,0.4,0.00045092368780037784
0.11,-314834.40666921635,0.0002818184768239208,0.4,0.18181311087783844,0.002008990733002223,0.00028181847681842066,0.00027616409752466594,0.013536691210089269,0.0015814375606546089,0.3999437976154489,0.00027617095180595475
0.115,-310021.73287151236,0.0008849685124786024,0.4,0.17627411457137435,0.0036209383412609594,0.0004209083732084706,0.0001201148717197941,0.015787686876842955,0.0024703600964614447,0.4,0.0004209083566605996
0.12,-306028.51561195,0.0002526657729084614,0.4000000000000001,0.1953985812742826,0.0004877915925817984,0.00018983742740343303,0.000178313338661826,0.002971118482700306,0.0003318777430483284,0.4,0.00018981436841855563
0.125,-300618.7063358979,0.000608953843145812,0.4,0.16646335569083326,0.008686277849209308,0.0005969567936501218,0.00022968922222272808,0.02018845555712625,0.0029948178446858728,0.4,0.0002314931991355352
0.13,-295717.123947171,0.0015885156723978648,0.3999999999999997,0.1513568207971015,0.020908639275951317,0.00020024917303996503,0.00020019276105414253,0.023691089882598774,0.001854299479406244,0.4,0.00020019295845302186
0.135,-290806.8924734015,0.003571379502507844,0.4,0.1541339831616591,0.008176853682026097,0.00138131296184878,0.00028171724775818367,0.027511978436081483,0.0035790816060553596,0.4,0.0013636934020664366
0.14,-285559.5698700818,0.002453109964574813,0.4,0.14642672309745353,0.016035697340366483,0.0024530489165567296,0.0014071262521586686,0.02258944078895195,0.007227135769907784,0.4,0.0014077178700318779
0.145,-282835.6817986187,0.00042607394310844747,0.4,0.1862835496982708,0.003275776439205005,0.00042187894380109846,0.0002177422218921943,0.00857100863746767,0.00055456427655165,0.4,0.0002494058397105428
0.15,-277888.1100856116,0.0005354912213838491,0.4,0.16469684923294206,0.008996185970511586,0.0005350434271945222,0.00025733769245312767,0.02385272902469644,0.0005915029959930063,0.3999999999989737,0.0005348604358580185
0.155,-272593.81287523446,0.0016494624571431475,0.4,0.1390847156663247,0.007640711894589132,0.0014977231203013243,0.0005963511556556041,0.045259835154641916,0.0036748030556379655,0.4,0.0005963974957140751
0.16,-268210.30417378474,0.0005563950711251306,0.4,0.12186575114276972,0.012613491491054098,0.000506394218037564,0.0004849383195682719,0.06290957753148009,0.0005574430966164068,0.4,0.0005060091293510147
0.165,-263964.023563876,0.0006985267846012884,0.4,0.15720684210018515,0.013074078421956452,0.0006969418674349767,0.0005402447881975655,0.026224463965146674,0.0010186572837901542,0.4,0.000540244788693213
0.17,-259499.52085924183,0.0009554487181101123,0.4,0.14901120830934209,0.005784098703819782,0.0009329515805586789,8.786701429842135e-05,0.04174020363859548,0.0013694399051965445,0.4,0.00011878213008431355
0.175,-253998.1635636825,0.0015956877366966394,0.4,0.1267403794057166,0.026757676879423986,0.0014498869820691624,0.0014031566963997866,0.03905384610106342,0.0015961976261022874,0.4,0.001403168572535208
0.18,-249874.33721224,0.002262697112621856,0.3999999999999999,0.13776133441146898,0.005892393396243007,0.0022564798781460694,0.0003785389750311515,0.04824310814995243,0.0022626971126461933,0.3999999999999997,0.0009427509638933749
0.185,-246166.4918358153,0.0005789207413502119,0.4,0.18002513217759014,0.0021411107911956766,0.0004185290226423613,2.2771460823032988e-05,0.016164393426819506,0.000578920765558595,0.4,7.022161402476157e-05
0.19,-241429.0467415663,0.0010381994645198612,0.4,0.17085491342715722,0.007000002260721189,0.0003837469430908728,5.6291656857762586e-05,0.019563766966064367,0.0010381994645198966,0.3999999999999674,6.487981710825057e-05
0.195,-236396.25831910444,0.0012587816903504114,0.4,0.15808206083693355,0.01130657171375239,0.0004212352014673525,0.00036864438065521433,0.023552926669244682,0.004588544313500308,0.4,0.0004212351940991919
0.2,-231793.62650514412,0.0007854928101910441,0.3999999999999999,0.12559819286872584,0.02308580081964713,0.0007840710539849168,0.0006002489425402001,0.04763752078647212,0.0007855031093201446,0.4,0.0007231696091206363
0.205,-227690.0926698116,0.0005627853220037725,0.4,0.15573092899782476,0.013451102837372787,0.00031517051408188734,6.586131038772533e-05,0.029116494082126382,0.000691795625817545,0.4,6.586131039029348e-05
0.21,-223265.53122419008,0.00035424106390614723,0.4000000000000001,0.12794533518064646,0.001352511710575811,0.0003542387613342913,6.0714314606427866e-05,0.06951495771950247,0.00035686534967697796,0.4,6.113589975993647e-05
0.215,-218586.12927645145,0.00031013185172933664,0.4,0.15303888080123468,0.008902344984103798,0.0003032857121205537,0.0003008271990339858,0.0360636554532697,0.000780034021686944,0.4000000000000001,0.00030083997683055195
0.22,-214011.07188389372,0.00014941503050381382,0.4,0.1313950955944399,0.011458578189311924,0.00014941503023700766,9.076936701587796e-05,0.05474529990019451,0.0019206575190333368,0.4,9.07693692729486e-05
0.225,-209554.47562880735,6.0077332667530446e-05,0.4,0.12043701469541693,0.011663316370591936,6.0077332667539126e-05,5.780540119699913e-05,0.0720070579954795,6.0252910198952137e-05,0.39559493788862493,5.9460073161684816e-05
0.23,-205136.99419927254,5.6933257220422776e-05,0.4,0.12470708690655018,0.007869082321318681,5.693325370972529e-05,5.621573713472459e-05,0.06711898856914192,7.854421804116718e-05,0.4,5.621573688835964e-05
0.235,-200235.72220598802,0.0008623436879418593,0.4,0.1127764009620254,0.02325437855037861,0.0008221103487514528,5.056391742992567e-05,0.06113572599743298,0.0010402672065969408,0.4,5.820932944784368e-05
0.24,-195388.70663642665,0.0006029464926757606,0.3999999999999999,0.11272750748266235,0.03251101414265916,0.0006028620749445032,0.00036099528652859287,0.04964246969803274,0.003056554024676585,0.4,0.0004956507978244722
0.245,-191368.22956638047,0.0001982038259849233,0.4,0.09803153025933643,0.010962966931384877,0.0001982038087869616,0.00018922804829048297,0.08899630275537397,0.0012338382318535512,0.4,0.00018972613899107367
0.25,-186500.47663257038,0.0018355968585110464,0.4,0.11119247106168807,0.0256510153141315,0.0003261844558000375,0.00029265773328112624,0.058541379531060124,0.0018355997855298261,0.4,0.0003250952600049732
0.255,-182418.97197597995,0.00039052261188281256,0.4,0.10694606014197806,0.0012925055309468373,0.00039051130198160727,0.00038202488874829036,0.08981452498130403,0.0004018256544152479,0.4,0.00038202488874860055
0.26,-177827.6838572147,0.00041134472855738414,0.3999999999999999,0.09543289092552064,0.017665979744296983,0.00014631738487140208,0.00010538991470399196,0.08530546726479506,0.000792854379913465,0.3999999999999781,0.00013975565736613216
0.265,-173433.05044212798,0.00021706810186264156,0.39999999999999625,0.09532445921333332,0.00937387402742166,0.00020246327262998969,9.321324584881212e-05,0.09499022216100876,0.0002171350358660765,0.39938225101339264,0.0001993139286465256
0.27,-168106.39494094328,0.002403854586617082,0.3896636664656085,0.10935566394112356,0.00500492704060211,0.0020854251765106,0.0004602916124644057,0.12306548708256485,0.002403840905379537,0.3650965515766679,0.0004602916124643917
0.275,-164255.5201671051,0.0003710136358704623,0.39999999999999775,0.08068326670738872,0.030677270349772693,0.00010426839176010576,8.133262587361106e-05,0.08760853528037225,0.0003719091146140362,0.3999996782544584,0.000102725639895857
0.28,-159837.8533480001,0.0002358490425512083,0.3999999999999972,0.08462517628938286,0.02319866764147696,0.00012023323789867613,0.00011830204872167141,0.09134762057186137,0.00023584801569902247,0.3999999999971065,0.00011830315530874363
0.285,-155451.56463978774,0.0003919500782721813,0.3999999999999999,0.09026006581001574,0.004481952049943099,0.00016951727531899104,5.85151202995713e-05,0.10479835393666803,0.0003919500733328271,0.3993147711080821,0.00013292454806891784
0.29,-150526.18030916993,0.001257637788421932,0.4,0.06660375800155112,0.02329246059789416,0.0012363072270675534,0.0005627127686960217,0.10625746514344636,0.001257609723550705,0.398969335980681,0.00056271276869451
0.295,-146097.84455609386,0.0023325420587942684,0.39999999999999575,0.07071500216848317,0.028826508790093245,7.127307599293332e-05,6.576238820080094e-05,0.10440291378352212,0.002110533169369451,0.3914097021773517,6.576238820080085e-05
0.3,-141907.74800640802,0.0006187230461706628,0.39999999999999897,0.06572294094103212,0.018011847388495598,0.00018544034987160533,2.9890700887198035e-05,0.1203652654472484,0.00018552909977822025,0.39473644406722186,0.00014391895929886966
0.305,-137351.09622601248,0.00047568224115139687,0.3961962408082002,0.07578905637187007,0.017357904462264543,0.00044014327541700197,0.0003577818892244288,0.12587271150197885,0.00047568220159254296,0.38267603261910826,0.00035876462919548816
0.31,-132989.23013601376,0.00043253776673944064,0.3900162242148829,0.07822355606533417,0.021884192594566518,6.568554146163816e-05,2.224238019118941e-05,0.12991095692135698,0.00043249555449040983,0.3789898296246941,2.2279336285044768e-05
0.315,-128534.4643410431,0.00018512448351075877,0.3837501322107183,0.0769440362436851,0.0262862874822866,0.00015136800762703808,0.0001311453581957025,0.13796521084047084,0.0001520624837742316,0.3742871272119522,0.0001475056777848079
0.32,-123933.32220019182,0.0011333017663036793,0.3472770134598219,0.09711289094615533,0.05249374482312339,0.0003304884705108449,0.00027892507842664497,0.14230687317983567,0.00033048847066821023,0.3584057865556229,0.000330487249533685
0.325,-119714.20993554595,0.00048334445039354345,0.3585100786461829,0.09342126950101852,0.034170231832096463,3.2264960371592264e-05,3.032558376389337e-05,0.15016920641283724,3.226496039234898e-05,0.3631195496034128,3.1464049533631146e-05
0.33,-115328.88210167609,0.00014647788904075966,0.3554366401538928,0.09206413828076412,0.0364855950234673,5.4577349840789505e-05,4.538649003430453e-05,0.1564926930393219,0.00010154356077324358,0.35912756172282906,4.5386490038585904e-05
0.335,-110784.7486789608,0.0010192969403833901,0.3385147695628319,0.09667649563937017,0.05161357398971693,0.0005002693795413747,0.0003846579323530889,0.16057608957916986,0.000563048378278272,0.34976714053709845,0.00038465806125778564
0.34,-106450.45649423458,0.0015487715572665894,0.3277754385502042,0.0953260662309651,0.06708007214302114,0.000705416063645184,8.324055306189692e-05,0.16326325831610428,0.0007068078376578364,0.3433997144627564,0.00011121428531662488
0.345,-102227.35116630554,0.0004939201455196117,0.31880875694726,0.09864085540099052,0.07531018739864674,0.00028075024269030315,0.00012736798115686596,0.16778217753973088,0.00028075024386053454,0.3381476394685684,0.0001275946315755575
0.35,-97970.87341597387,0.00014350415710429905,0.30892229396055,0.10083095069375586,0.08616690902605288,6.367472044741038e-05,6.337441751669024e-05,0.1710742762272204,0.00014344098489646971,0.3325279449618589,6.363085059704828e-05
0.355,-93515.71748456387,0.001658135940373382,0.3003267956029909,0.1009392492466063,0.0947585340555076,0.0004907621278768803,0.00015486215206421552,0.17356562512464865,0.0004907627666213533,0.3272520977224517,0.0003631752608582164
0.36,-89379.19633381275,0.00025569060685963355,0.29171247077484264,0.1042400608151086,0.10454173776540164,0.00011624075291071912,0.00011618372820848091,0.17601578330715287,0.00011667712271394099,0.322768971398592,0.00011618372821005794
0.365,-85000.27316329819,0.0006119036709736827,0.28448120937914595,0.10403385997162468,0.1122874468496335,0.00046963707000248966,0.0002996856191897607,0.17919079331325274,0.0005849955688707111,0.31758670304762665,0.00045376550968018544
0.37,-80760.12204598162,0.0024080833051497424,0.27675483484435565,0.1058567587980447,0.11946302757152565,0.00026435607508292635,3.230319975629747e-06,0.1817968553405072,0.0002643572191411904,0.31318526618447545,3.230341742863928e-06
0.375,-76418.92866996472,0.0025791987929729174,0.27054421441789483,0.10522768398595456,0.12701981993916034,0.00026166814792733206,0.00026165489669929343,0.18348389811507088,0.0010987416957189279,0.3092614650955936,0.0002616549130081244
0.38,-72331.99058397712,0.000349323027745882,0.2639379508306556,0.10811169530733436,0.1339430533156001,0.0003086495805740907,0.0002639710443646976,0.18623400779572166,0.00032504871518841764,0.3062436716557817,0.0002826287270330237
0.385,-67894.16154946362,0.0022151703319443017,0.2582281766867811,0.10813213008204044,0.136658339390357,0.0021629481844853134,0.00033164976293066786,0.18880083024160907,0.0007384094909441558,0.3024005313353488,0.00033181449355918884
0.39,-63718.894849231736,0.002290257279075875,0.2533223348582881,0.10897505972634244,0.14201474485939647,0.0015287611696177812,0.0003681492612784544,0.19044972008463926,0.0006013680217737282,0.3000715510744717,0.00037805366511552623
0.395,-59733.36864306613,0.0010038748867817935,0.2498339368702748,0.11191715642960176,0.14679480799971706,0.00010090446301349936,1.1269253214922956e-05,0.19250829488361765,0.000100903332782687,0.29768501320384344,4.3838677154695316e-05
0.4,-55322.01418075855,0.003085959528894361,0.2436772372834257,0.10932517149965038,0.1546761102360495,0.0008209727079976951,9.514212571998351e-05,0.19322054234381286,0.0008209688271099223,0.29361480293210984,0.0006630925152293823
0.405,-51276.22106094418,0.0013237328086842545,0.2364309370450613,0.11378450916951405,0.16075697024975788,0.00044502694068886535,0.00021468915944706382,0.196747617066792,0.0003566496730430898,0.28966260938645483,0.00027725850055662616
0.41,-47093.40364601167,0.000591207133394925,0.2333477245544661,0.11439393808675336,0.16414942893887058,0.0005898875081255918,0.00034090534199987207,0.1976109654543137,0.0005898745757428402,0.2880342867493411,0.0003517816569928537
0.415,-42453.684959267935,0.002845512314153844,0.22112328322672176,0.11446538773327952,0.17295924872202315,0.002139961029378563,0.0019203541346959636,0.19591467360253634,0.0019206814256474468,0.2847905433593781,0.0019203544521838038
0.42,-38611.742298651436,0.001979277086361873,0.2237595832947735,0.11456869903364028,0.1729234030011135,0.0010579145768538716,0.00042832317286336136,0.2004489184872322,0.0010088572695185524,0.28284301197731,0.000982012100329903
0.425,-34570.44868819267,0.0008239511163388607,0.21944370019280904,0.11733023153644367,0.1775892690694396,0.0007839794053608452,0.0005226021575526257,0.2021449055742623,0.0005227058622930744,0.2804138399004376,0.0004248151850636432
0.43,-30307.02294717255,0.0010405593146795074,0.2148859126793524,0.1178563626473322,0.18183672976635126,0.0010156294468922108,0.001007407085599902,0.20232790185710248,0.0010156293702377694,0.27806472712381225,0.0009491407086401713
0.435,-26324.01829988254,0.0008572447360863139,0.21214932488269653,0.11842603712305964,0.18582675440582253,0.0007142505036516237,5.8083605194851914e-05,0.2052577298297332,0.0007142487211634959,0.2759383112126983,5.801497989319506e-05
0.44,-21681.758324126666,0.005945912470449706,0.20617799291048888,0.11367267004183228,0.18940413692275773,0.0034759082773894697,0.001413232449803716,0.20568869143958854,0.0014472944433045244,0.2714144209831706,0.0013597400612152494
0.445,-18034.636663511017,0.0006825354238792253,0.20392196979819685,0.12049147700343915,0.1937407355869579,0.0006652094631934508,0.00032114883557890635,0.20786405355155185,0.0006424706788027099,0.2714905742966983,0.00017982536170326458
0.45,-13582.309527012143,0.007592864807040445,0.2009382936428588,0.11550513891299935,0.19561323353676344,0.0009382274057804882,0.0008705953529270561,0.20809822496729855,0.0008705988930944644,0.26874037971165804,0.0008324427695807509
0.455,-9389.83282219566,0.0038900107536672594,0.19612075312573,0.1177670567224408,0.1982486666738434,0.0038900008440807547,0.0009810610995154726,0.20899372084719897,0.002270149464641494,0.2668578925622153,0.0009806879066670672
0.46,-5576.918294815464,0.0017250834752320164,0.19331570182209265,0.1220076887301566,0.2035648340093467,0.0012588111811938972,0.0006587564862020964,0.21118363307692545,0.0007484077060824153,0.2652740967566693,0.0002629867560989174
0.465,-1385.2668813427174,0.0030299576286122714,0.19046424794007635,0.1217673781499949,0.20495156817893967,0.0019355723118758368,0.0004972488476790224,0.21214190064047114,0.0010918661516311015,0.2637187440521344,0.0004015160985869758
0.47,2803.6720355771317,0.005180607845416504,0.18593626261690885,0.1214236433727695,0.2091808461323644,0.0014974143087046964,0.0012853957998651914,0.2128152581867477,0.0012853958071054148,0.2612471755910996,0.00014800033901743564
0.475,6695.097904786508,0.000920894755063484,0.18571394484313955,0.12320657884579812,0.2132080068419532,0.0009208947551709287,0.00037658951458885637,0.21469165825054165,0.00039491707611423064,0.2602015094285303,0.00036500568909942016
0.48,11312.145339435116,0.010179499192949566,0.17571673498369805,0.12137469581258192,0.21387499999589196,0.0020036436429434023,0.0018309457809684692,0.2145048054299356,0.002003583995866016,0.25668019205805204,0.0018308991071136265
0.485,15124.490255686796,0.004048642247549975,0.1818626458204022,0.11834629719659302,0.21762950912463705,0.0014299086016468846,0.001415723346039278,0.21633651999378087,0.0014157233469313634,0.2565234888268332,0.000991541495585702
0.49,19089.722659999337,0.003027026284136845,0.1804876248900368,0.118940076917161,0.2202822798731393,0.003000205774990161,0.00022773823566669493,0.21805703250662464,0.00022773817312554028,0.2555231900311706,0.00022708731394892567
0.495,23018.955292870407,0.00012764887873623038,0.16567572430920946,0.13170611889240025,0.228348410512947,0.00012634404941135326,0.00012585010310850816,0.21851275103710185,9.285233008540236e-05,0.2551914476217172,9.285226528351592e-05
0.5,27287.28221612786,0.005697697222553809,0.17042866826892375,0.12524348469618893,0.2251848266258721,0.0014598583498414762,0.00039289055883912966,0.21939041322387307,0.00023273009109208424,0.2517367150381655,0.00023271592465175323
0.505,31381.810564840736,0.0017930405329322878,0.16895510672979772,0.125265735467129,0.2289296635109964,0.001792990501760504,0.001792448147539041,0.2197337425330713,0.0012989375130458426,0.25035193242336623,8.640264036109617e-05
0.51,35670.01538338013,0.0066426979935941,0.16573106296328352,0.12358398664229935,0.22709922402218924,0.0036436576077558775,0.0022493071962063566,0.22059547323807144,0.0017154289185972314,0.24812624113474305,0.0006129202832591482
0.515,39472.384347570965,0.002482366391818985,0.16407772778506546,0.12661003822336278,0.2340211175981419,0.00248236639228787,0.0001961892484155731,0.22187026694443687,0.00019618815283315845,0.2478675513100495,0.00019618795359073853
0.52,43511.75732420762,0.0008633884098308433,0.16246119544631815,0.12826948005482686,0.23657522180924215,0.0005477665310604846,0.0005471841374158207,0.22289722624502853,0.0004989460153849757,0.2468406453354049,0.0004989460154871357
0.525,47535.0116376459,0.00029490300103741224,0.16164368412519706,0.12753197910540828,0.2395478200514043,0.00029476731420818825,0.00026377426263497284,0.22422761575589034,0.0002637695163276052,0.2458552282075898,7.645866029991982e-05
0.53,51978.589051992356,0.0035331072594308732,0.15576415128127755,0.12512508841839054,0.239038467318184,0.0035329641706044225,0.003252823574793061,0.22275568285408848,0.002170747526283177,0.24265627035960585,0.002170697237341771
0.535,55837.989193184,0.004983762517107461,0.15304474885454986,0.12785275545263486,0.24230400779565994,0.00441354299959188,0.00022930560056566246,0.2244347832053667,0.0002289160417434085,0.2422792625495309,0.00022891498325021718
0.54,59971.9321883245,0.004430087739980078,0.1503250818548787,0.12833532151367974,0.24417520349118346,0.003214577146785173,0.0015044588247487293,0.2248632380808456,0.0013266262677952725,0.2408201788233359,0.0010052262567686195
0.545,63939.399676844114,0.0034999696635386523,0.14936711903660366,0.1296415077903449,0.2467391103859617,0.0026293204006929694,0.0006109472132149191,0.22630892689274396,0.0005862635891941649,0.2400306248171441,0.0005862102105617348
0.55,67913.04385889848,0.0005177180458817335,0.15850153994890148,0.12195834585992882,0.24999052698242585,0.0005093656990466649,0.00036411588332599463,0.22845232918066666,0.0003182645926833064,0.23908496604892945,0.00030282775821071267
0.555,72030.68153390365,0.0018607954729403238,0.14606736681924648,0.1302920764193467,0.2510133732748263,0.0018607921468699726,0.0018432427397172247,0.2280089427439388,0.0006875769219900476,0.2381297398332392,0.00023609362788359325
0.56,76161.789164791,0.003165717197052507,0.15250239747874658,0.11902534526910324,0.2530242372768986,0.002925836077477528,0.0027694136769938157,0.22837347345200715,0.0007140364233845341,0.23678548851535494,0.000714054632981456
0.565,80458.32306926273,0.012686544936308143,0.14216453778836094,0.11875111721949386,0.25115127531899123,0.007372167742739681,0.00783658243475262,0.22657667648741936,0.0007933756657987817,0.2314056865678729,0.0012620358382606945
0.57,84183.14611755639,0.0069584439131235186,0.1412940821889072,0.13044525297455348,0.2562298705304025,0.00022723690276996934,0.0002272373385952689,0.22998617166642446,0.0002225440022051541,0.23418651594644235,0.00022264453657385293
0.575,88264.98083585693,0.0014658342195704274,0.1393034144616802,0.13106194337771804,0.25785736673815823,0.0014541330999422698,0.004424416848279683,0.2299177434507948,0.000641285131746666,0.23295773633802144,0.0009161263340874404
0.58,92300.31869422186,0.003344584695001396,0.13677906735306225,0.13124338051843149,0.25923867168128595,0.0032989233673279025,0.0033446638496127923,0.2304384809108737,0.00035597878663827607,0.23160007817488354,0.000356170662882206
0.585,96384.0579913941,0.002613193455099084,0.13547333221001834,0.1311101975554641,0.2610486456572504,0.0026022440459585647,0.002613385668965325,0.2309808422524784,0.0011699250802160556,0.23098082386593966,0.0014074102086110507
0.59,100477.5075556114,0.006929803659580373,0.13023590654340475,0.12835603269374407,0.25995101671975035,0.005071766883579693,0.010584815937158728,0.2293659744025857,0.0009519056845148108,0.22730312295728095,0.0012496545184004215
0.595,104536.8737068603,0.011359966647645223,0.127813463482897,0.12423830600719454,0.2583762314260227,0.004059623112943956,0.020800218345450813,0.22783145747847874,0.0008548736326453925,0.22341846160781134,0.0012473982589104756
0.6,108414.05135198547,0.004577464856831936,0.1270249854115032,0.1286563219806575,0.2615093259094808,0.001197254962920464,0.02424002468247124,0.22905233364861724,5.3580027824162406e-05,0.22361972221912926,6.898630056393751e-05
0.605,112508.05648986352,0.005284551455424666,0.12463336657663715,0.12819611699274094,0.2631688862083399,0.0052926077669697685,0.01812139157622239,0.2293470287612621,0.0010456003095168065,0.22298443967641,0.0019260106764760867
0.61,116394.69236697578,0.004428682206078622,0.121412493036873,0.12607231089808807,0.2610799142543936,0.004429055084869639,0.036285383314580234,0.22707264667645216,0.00022206501346307025,0.21877053704373498,0.0002269124714667021
0.615,120716.45403904855,0.009661587112201834,0.11895944977802428,0.12164186297830902,0.2615792402922637,0.013880511030830458,0.018303714517217032,0.22760701223438826,0.004084058455306055,0.2192812282830776,0.005001335318380722
0.62,124259.39646222394,0.0010714056217987515,0.11619611850118212,0.12445803782924007,0.2599259246623276,0.0010947612292501042,0.059487765765668874,0.22415179586343148,0.00016477085834475918,0.2132812532839128,0.00016816638484486754
0.625,128163.94535992082,0.00040640778013115934,0.11331642375512364,0.1232794928445142,0.25958892943950324,0.003368515895818604,0.06580175637420352,0.22307980502494398,3.535466976715049e-05,0.2110878245351073,3.548968088813238e-05
0.63,132107.06636115164,0.00480191930048746,0.108086887661718,0.11869753426161095,0.25616389545839063,0.010327562511044313,0.07242122389740756,0.22017399103500088,0.0003301062587586206,0.20741650764898445,0.0015803719665981
0.635,135950.49107434019,0.0014649299624951274,0.10568477106018903,0.11822385030045203,0.2562627679397217,0.012203623645526752,0.08098442043005043,0.21899177857869692,0.0003686022189374821,0.20544307898710748,0.000372176876823472
0.64,139913.05563552186,0.007526972176062335,0.10414596022003067,0.114165612572645,0.2541692898847088,0.0077823589011347455,0.08640318428832185,0.2181028273260557,0.0023902657260976064,0.20292326191774976,0.002390266987194657
0.645,143696.50831627802,0.0070131190033721974,0.10092910972468193,0.11330648961158166,0.2535254358964545,0.009422943530363544,0.09538978208741412,0.21646299005277253,0.0003858267662956612,0.2000064351918036,0.0035578681352610437
0.65,147477.94350575338,0.004581510063823665,0.09915532409564187,0.11309241034206137,0.2534769946049378,0.010076253831972371,0.10366311011201183,0.2157723171144825,0.0002947423194910659,0.19812851329933187,0.001758824216246106
0.655,151269.63678958314,0.006605467664743949,0.09523221887601767,0.11100473140906328,0.2519814313716129,0.014629798393864428,0.10947347131591048,0.21371710407953415,0.0005555145251891022,0.1959700666616666,0.0008301957023986393
0.66,155030.5763592465,0.003768799079521379,0.09307349683673173,0.11074134690393124,0.2517341456367012,0.0174940619691928,0.11622065463823257,0.21259016429210312,4.3465961689304855e-05,0.1942129156492241,0.00012094903267231326
0.665,158816.31156542292,0.0026658277420099677,0.0906780508671781,0.1096106417338814,0.2509972910640126,0.019399547632669246,0.12246816812095825,0.21130023857237892,0.00025214424970837273,0.1923757358241643,0.00025235419303749993
0.67,162713.09858225886,0.013019866317143169,0.08726342070702214,0.10503703179230912,0.2480600934224792,0.013767281654096906,0.1273146533489532,0.2100959846994129,0.003019980946953932,0.189279633919968,0.003142053191661337
0.675,166307.16618935516,0.014273851999445053,0.08462348607235512,0.10388781464810186,0.2474231900510549,0.0211358311278986,0.1323273514241235,0.20869981124800827,0.0002028022415349693,0.18722301212230807,0.0002028490651693417
0.68,170076.3144228086,0.01240755462145915,0.08292629987440492,0.10254744501901797,0.246475613705972,0.02247165085701903,0.13785103798344686,0.20749344881234533,0.0008609815631948194,0.18557963150815707,0.0013863360549828778
0.685,173802.5685890539,0.014928446708003975,0.08130605498642876,0.10047187949935546,0.2454568060625472,0.021463613348464698,0.1430017519408077,0.20664476154891545,0.0006759377992604753,0.1835670653218041,0.002483682784410485
0.69,177590.87281910118,0.01909760921363872,0.07566959190283652,0.09970131379629543,0.2438551149611113,0.024071580831133508,0.14458051506752415,0.20511324032481235,0.0024036840397331084,0.18176492627678265,0.0037424235861320955
0.695,181236.57487916815,0.01949930821286543,0.07766947918305075,0.09564324619121724,0.2425493915839516,0.02463243435638637,0.15189660471245048,0.2043185095739132,0.0015380463644635725,0.17963558669473073,0.002617393126969889
0.7,184867.0131662181,0.016777156928177214,0.07662426836597577,0.09860109460105504,0.2441861508795995,0.019991387609788327,0.15936913775067926,0.2045898145399782,0.00033908027635617217,0.17879855403056685,0.0007233550178240486
0.705,188606.77993043745,0.011366492435059671,0.06642005734745003,0.10001152555856177,0.2436676030094526,0.03143904864979241,0.1634089000540078,0.20167657129119615,0.0018659594149987785,0.17826395971294925,0.0018798825265329126
0.71,192232.82478815038,0.0120613267106164,0.07043201970992105,0.09479390658001416,0.2414340522152796,0.033843199520779084,0.1666410021189508,0.2006369882252842,0.0005955697204191952,0.17567108240062038,0.003890852798114855
0.715,195855.65250150836,0.019111480962543868,0.06873407673455954,0.09238806119979573,0.2401795606919661,0.03219338006312668,0.17073516515593753,0.2001973488081548,0.00035391167944134313,0.17359058337647862,0.002516431327994044
0.72,199537.50907832608,0.02043530276944157,0.0663661160941671,0.09106971598118624,0.2392759139100907,0.03235103802665597,0.1744350251864999,0.19921021841282566,0.0011962143140558552,0.17202139557181095,0.0036390597332650845
0.725,203236.82155887727,0.02202623239179293,0.06541006666825594,0.0883028904312799,0.2373739147777364,0.032047596463264,0.17828023112374294,0.19795614729105265,0.0025403608366021315,0.17027190127395775,0.005790658742314918
0.73,206767.2726845066,0.021247434062841,0.06451276208420258,0.0895367043204443,0.2383893080518409,0.031603995098946784,0.1838530960389333,0.19803726959884305,0.0005440334026566803,0.16928802045147334,0.002987376889817308
0.735,210496.6236387364,0.021870803955316213,0.059187449761899165,0.08477277436767516,0.23525312529087386,0.03606514357998333,0.18461608526374315,0.1957017664733164,0.001960604558999353,0.16736612557520336,0.013206121172990365
0.74,214009.4097566345,0.022091107957996826,0.05693415684724864,0.08667914425428698,0.236041858214128,0.03779681834952859,0.19010455444620614,0.195135503691617,0.0004745192371632439,0.1665456165385505,0.008196720463273147
0.745,217617.83829006387,0.01850477786026279,0.060726966548971716,0.08388145627961675,0.2355836212459004,0.03932430172403669,0.194615726168547,0.1947228204632885,0.0009399610027020051,0.16521369947319725,0.006486669233476008
0.75,221214.7328410424,0.023682403554907992,0.0568295620038785,0.08345325112535544,0.23432970499824154,0.037636260701370994,0.1975887737294436,0.1938600137697582,0.0011797205416927284,0.16355403354147646,0.007886276033875553
0.755,224752.42750102945,0.026645602059884976,0.05512224848250343,0.08383540563082731,0.2347502175120693,0.03596543806421061,0.20215374966490773,0.19389046694782816,0.00020828089578541774,0.1625077405315865,0.004920850210394932
0.76,228401.0918346393,0.019078373994417544,0.0527682317856631,0.08043933430473821,0.233093813722025,0.04690893767122923,0.20399190685065996,0.19131613152414198,0.00171222649242975,0.16166436550680793,0.009026678147888021
0.765,231920.5951343569,0.024742626872689643,0.05141292695836737,0.07825941031901261,0.2307366906224224,0.04040155329050313,0.2064906567590508,0.19069058126577965,0.00024286708404608895,0.15918056655225735,0.017842120275871412
0.77,235497.84643030513,0.02692595771585668,0.05061755900807841,0.07841556265280297,0.2311060691764588,0.042121952880709336,0.21053400117672655,0.19054486866917794,0.001405577510658359,0.1584233522233072,0.009905098986223644
0.775,239064.9051046859,0.02396489624956872,0.04679837106167869,0.07742449309687352,0.23036231070184585,0.04456522348488503,0.2132558967031339,0.18913808822216305,0.0016312354125809561,0.15753969379922764,0.015319791268043456
0.78,242568.64192973808,0.027131129308129085,0.04747204407120713,0.07681710143552023,0.22992149532391565,0.04438439877486818,0.21689485094475705,0.18902073175135856,0.0008896468128759867,0.15612731776805022,0.01134128380931587
0.785,246090.18432396505,0.027382488546993725,0.046305114799107684,0.07561612532009772,0.2291309871589224,0.045213390041345926,0.21994058187210366,0.18826005278708707,0.0005650600813049188,0.15488333164226872,0.012702867750767156
0.79,249823.4292762245,0.02648033968106412,0.051458449489953935,0.0743286096664017,0.2285925274027725,0.027911156400266382,0.2263955253372541,0.1893362881668248,0.0038536753748502775,0.15398405628011202,0.017659372200499946
0.795,253114.5145895629,0.028536328629555487,0.04355648208231084,0.0734113184566871,0.2276273213667145,0.04656044742832033,0.22569238720842985,0.18679475845216112,3.463658884395907e-05,0.1525497135315836,0.015236606255394462
0.8,256628.2614402565,0.0282244509254108,0.041684877763381686,0.0709018389543911,0.2257492034197316,0.046729994408506934,0.2274889819025881,0.18544077273577586,0.0001934908163044277,0.1510835722886276,0.02250281678528281
0.805,260137.3693932993,0.028270689012383426,0.041996520655370656,0.07106906165895784,0.2258149288898164,0.0476401079119674,0.2309764285086815,0.18522600125620226,0.0002458914737565284,0.1501717754844718,0.01858859514839297
0.81,263725.2163213297,0.0282572656641644,0.036989019246706285,0.06838715519842453,0.22366161974374515,0.047309147931351006,0.2319843711784905,0.18344895346572132,0.002652230209456861,0.14905410090347235,0.028256136458468563
0.815,267130.6842708212,0.03031241330736452,0.03716835032814269,0.07064530742919548,0.22535276478231134,0.04971572604839308,0.2368672994629303,0.1840187096061961,0.00016439780340884812,0.14846953987954598,0.017285491352510743
0.82,270675.15135738585,0.02516316485131545,0.03752722664549815,0.06330285643427766,0.2211569737026524,0.047790329267967266,0.23717496012965625,0.18159178322679245,0.0021569093209334385,0.146615945530036,0.03751985089086885
0.825,274087.88598961185,0.03015873933171818,0.034388838772243316,0.06345794175573535,0.2204636716554916,0.0479804911670655,0.2391073157177699,0.18113627399231502,0.0008723156446035831,0.14520757302140233,0.03722683894165548
0.83,277561.173067466,0.030884571697159437,0.03335923696315995,0.062060168388201775,0.2194601577845868,0.048000995472476486,0.2413702533252869,0.1804536998924956,0.0010689697891531208,0.1440787292877512,0.03926321739972933
0.835,281155.1546264093,0.020870452253935183,0.03168622345406468,0.06400047664395331,0.22012681107173465,0.05026805709521417,0.2452633497854685,0.1796172946120529,0.003812365377540266,0.14425210940063782,0.040102860305399585
0.84,284499.6437347703,0.0279614320134125,0.029930620013994817,0.0603164212754017,0.21776986255005729,0.04910034506150784,0.2457980813656613,0.17853091537431118,0.0017476859678452535,0.14232379031659478,0.04652084606121304
0.845,288060.8809750743,0.02340651729101815,0.023256398468043414,0.059177280017416976,0.21650962215260056,0.05283550001391299,0.2468618011103708,0.17645224810422125,0.003872444904376764,0.1423208542898306,0.05530733364820697
0.85,291492.41098059283,0.036273981239495934,0.01555111541715982,0.06101436175640524,0.2173049080897836,0.05150708011471338,0.24961859803520606,0.1769227179250024,0.003209707236399867,0.1413873488504911,0.047210181335341016
0.855,294762.3787354757,0.02539654587023675,0.02237248351842689,0.05902136409493496,0.2163165513231355,0.05392909458340292,0.2521886285005036,0.17603571093554365,0.000297557292914912,0.13999119921992936,0.054450864660973854
0.86,298224.6640775489,0.030167062026729006,0.024866852557456503,0.05539178723804716,0.2142804415092224,0.05121235776188877,0.254107024110994,0.17568331710835186,0.0014015048050403608,0.1381640434808917,0.05472560940137864
0.865,301628.982815238,0.030202092995570508,0.02565615216939245,0.05251304903522085,0.21309527770333814,0.0514811224942344,0.2560636616210544,0.1749110229442756,0.001033760250627332,0.13701276368231766,0.05803109710396835
0.87,305132.3146275475,0.03058973360534255,0.02561593828344502,0.05108531408699316,0.2114437033186554,0.051085314022691536,0.2577984907799869,0.17434260052141204,0.002993832768058661,0.1356018085017825,0.05944326411163218
0.875,308462.4375607544,0.031604216660679786,0.02242797634851101,0.050728002244018536,0.21154269605332485,0.05188656945789754,0.2598972932591081,0.17360267503802865,0.0012975439309499805,0.13507077023570116,0.06194225677178045
0.88,311990.3119362789,0.0331381736930307,0.019897447098621904,0.050881086001324086,0.21099747630154675,0.051132979660272235,0.2622370101673209,0.17312724207201705,0.003957080194248295,0.13438057912974827,0.06025092568186945
0.885,315321.58060446236,0.030909551770144407,0.022699041596701844,0.04515998415780352,0.20786585300462485,0.05077390847426986,0.26231663885525497,0.17193092248666414,0.002391757086045501,0.13286737552489408,0.07308496704359714
