lambda,markovitz,HPG,ACB,MBB,KDH,MWG,VNM,SAB,GAS,ACV,FPT
0.0,-1648.9392663969281,0.0003957887296625212,0.4,0.18037794784400527,0.008212984865481034,0.0003957887296644293,0.0003395056267857625,0.008271129381769092,0.0016672156964042694,0.4,0.00033963912623134133
0.005,-1009.9994412489923,0.0021978143890150565,0.4,0.10920741835304007,0.01911557454217383,0.0018888459367390844,0.00027369665557123817,0.062270028315394035,0.003157800375845707,0.3999999999999998,0.001888821432221565
0.01,-412.63330766943517,0.0005441811989768308,0.2491883345740537,0.11122014666539158,0.15077968615698914,0.00011682992939953592,7.706906987137213e-05,0.188652127935775,0.00010752673106210937,0.2992065710180448,0.00010752672043556263
0.015,150.2703430384402,0.0018398763907315602,0.17629923136385514,0.12470892037209295,0.22153794146046807,0.0008064799775855478,0.0008064740869307435,0.21745612850627455,0.0008062665407301278,0.2549330706350066,0.0008056106663252209
0.02,702.2281299710121,0.0003111408414110868,0.1448608828541505,0.13212551687647114,0.2551844665234619,0.0003110876673192645,0.0003079912422447145,0.2296469921058265,0.00026549268789276845,0.2367135278272843,0.0002729013739384214
0.025,1249.815831899619,0.0019136283416931973,0.11566605711737747,0.12331236098617185,0.2593007980907965,0.003924214204042738,0.05554863331323994,0.22389731457583364,0.001304272164280174,0.21381419502257984,0.0013185261839847404
0.03,1778.8186311749607,0.0057933724869304,0.0903628959192133,0.10940682859075013,0.2506096480673213,0.02189042737059589,0.1172832117710204,0.2114611670091371,8.338095264678794e-06,0.1931757725943893,8.338095376154859e-06
0.035,2299.0454958229,0.010198630858566404,0.07572464646356601,0.09857947196626103,0.2439175488007924,0.02898434890476393,0.154595468276853,0.2036273499566377,0.0007453693641881192,0.18016373845153613,0.0034634269568370947
0.04,2813.174521054692,0.01933780986243661,0.06155290899137152,0.09024458732910833,0.2382223302491624,0.039768684133250735,0.1777429643706022,0.19705853485428712,0.0015133557852336716,0.17106223224299455,0.0034965921815533433
0.045,3322.901089548766,0.0238386047604775,0.056761500425499725,0.08473698533692067,0.2353129650407373,0.04084875942946765,0.1967464053974433,0.19421286810028046,0.0007424564716258889,0.1641628873750532,0.0026365676624952672
0.05,3831.8603485856493,0.026200717559659168,0.05118912573572307,0.07972562533912578,0.2313335382293304,0.036827571535447065,0.21055455106185028,0.19106415066939186,0.0017630568206103976,0.15867256019719134,0.012669102851669709
0.055,4338.657423562509,0.028190165810959168,0.04267734012483284,0.07442771387332174,0.22754001688137804,0.041074720207832184,0.2194833547368855,0.18728335353146056,0.002635738857877896,0.15437764531706574,0.022309950658386053
0.06,4841.830816371203,0.02791988171410481,0.04457374854465905,0.06660871260089274,0.2243290286572396,0.04585247454841123,0.2277710622279145,0.18500102439829316,0.0007706940085032965,0.15015121390273173,0.02702215939725078
0.065,5345.3237950860575,0.02880216478956598,0.03716622987074311,0.06724230707541852,0.22295151493423496,0.04777731892980185,0.23472679838103835,0.1829538479703406,0.0009882093868742636,0.1477826644500537,0.029608944211928227
0.07,5847.334660880938,0.023812452331772583,0.029904900582287067,0.06850546312793193,0.22235249572370425,0.0498439292673139,0.24100826531053784,0.18100340511709725,0.00011195948842292417,0.1461566754944056,0.03730045355652757
0.075,6352.924199116414,0.007323470809590381,0.03215530349663857,0.06514308551560889,0.22084515441951885,0.05415938903913218,0.24691349284106776,0.17863454476800328,0.0016858854882865909,0.14513132051848124,0.048008353103671166
0.08,6854.564014031809,0.03724391005528885,0.02886627612116005,0.05590924911029376,0.21513315888381154,0.04768387740272528,0.2464811303472867,0.17783331720698764,0.00421296118416061,0.13981692155477854,0.04681919813350676
0.085,7350.795209089676,0.03039601834414338,0.02745732741736012,0.05658345611573563,0.21538270046928426,0.050852035324841637,0.2520993584872517,0.1767257938226645,0.00028167854456934453,0.13910031423892005,0.05112131723522879
0.09,7854.729552241178,0.029875257472124293,0.02358598929859864,0.0546459287975711,0.21368035955011566,0.051122966686477984,0.25465747365361163,0.17504247517871172,0.0034065225909491567,0.13791126271747425,0.05607176405436473
0.095,8352.955049014152,0.031329794394235354,0.023566529753417203,0.05250334117030641,0.21244738223310605,0.05102737948382675,0.25761706090613706,0.17434451767347,0.0018514143964808755,0.13628962866800876,0.059022951321010965
0.1,8856.452736543944,0.03688983579238569,0.027870470503334226,0.04801274619778436,0.21038944904739248,0.048168847748871146,0.2604155816628944,0.17425413656047545,0.004156184222671392,0.13349314943682306,0.05634959882736744
0.105,9352.629901898004,0.03137953706156869,0.01504739529239752,0.053321280806848816,0.21239118116411007,0.05501332612285261,0.26287346791927313,0.17267260981229862,0.0018623185877156227,0.13505649261333116,0.060382390619604015
0.11,9850.49751213007,0.03147837627870668,0.011412329397231651,0.05196342481200579,0.21105538113444247,0.05426743675587512,0.26424554722064103,0.17177431502422005,0.0006978445687615666,0.1341046914228977,0.06900065338521924
0.115,10350.492559979666,0.03620766861869284,0.01837111591262436,0.04657555081479848,0.20818093581530606,0.0522289821025697,0.26589764544318323,0.17131715218448576,0.0015072595819693982,0.13147992981505874,0.0682337597113111
0.12,10849.662560536564,0.03027895660534637,0.018006990470538515,0.046457287463766296,0.20820535116350933,0.05357791901406072,0.26786260876693113,0.17063955504407816,0.0017509561196752564,0.13132572828048433,0.07189464707160978
0.125,11350.865071415163,0.032669659119347716,0.0180778523029404,0.04701498273938118,0.20790485493590136,0.05122379240325023,0.2698626610477003,0.1705842840379483,0.0030805627003148033,0.13053276716798187,0.06904858354523441
0.13,11846.075483184231,0.03184933745165719,0.016107907319663974,0.04504939490908276,0.20698238162777052,0.05401859202384346,0.2707712899862555,0.16972228871284184,0.0010335359138420814,0.12981415104001914,0.07465112101502297
0.135,12347.326718214956,0.03179648514655251,0.018361916152415825,0.04239144083549379,0.2057010664267884,0.05323739095442537,0.27208495017068257,0.1692909167707548,0.0024729619664458943,0.12867105533394033,0.07599181624249995
0.14,12842.458235998627,0.032121946064380465,0.006842538522118642,0.04670641787998458,0.20718047757365596,0.055696112087115016,0.27321737588226097,0.16862215071772668,0.00034006655374683325,0.1295815396890846,0.0796913750299266
0.145,13339.930110699355,0.0322566043192581,0.010670963407364668,0.04405815270638375,0.20586458755428555,0.05699367908377261,0.2740383804114597,0.1681895167690876,6.748194158113164e-05,0.12832918518729014,0.07953144861951612
0.15,13843.989907497451,0.03211724223365457,0.011782813142388977,0.0425681274437599,0.2045706779094857,0.05463681363547036,0.2753321793549302,0.1676285583872781,0.0031167443124499065,0.1277677575704828,0.0804790860100986
0.155,14337.312146329275,0.027771415994432145,0.00831992429313972,0.04460158134887441,0.20545506196880492,0.0560448656701798,0.2761097199790437,0.16698347789626972,0.00035871117516643637,0.12797972525147758,0.08637551642261286
0.16,14842.745157537971,0.03378766596002824,0.010135996107901387,0.04640510635092958,0.20534821378154552,0.0554894200101786,0.27819537092877705,0.16776909196022338,0.003672330548903364,0.12702765764721993,0.07216914670429345
0.165,15335.054361533377,0.032042772377473334,0.011566602862909578,0.04015166716033095,0.20357853195309053,0.055164729502411164,0.2779937859249038,0.16694355743675618,0.001259629950726102,0.12613175383023864,0.0851669690011607
0.17,15835.603810253398,0.03408084908959772,0.010663724105168004,0.0394338916944002,0.20321607274405806,0.055058179105170066,0.2786971451349462,0.166711654928934,0.002348607040487399,0.1257781719931,0.08401170416413868
0.175,16328.88264210669,0.03260165105812934,0.010660615770186871,0.03952493786327453,0.20316857648614772,0.0557248506875796,0.27966942183638005,0.16648402079738678,0.00019633910114288301,0.12535649013379496,0.08661309626597873
0.18,16834.145489951996,0.036086452324313775,0.008591603835240026,0.043487260256375206,0.2062893543815408,0.05800507109065184,0.2828818739252297,0.16738486699148936,0.0023846248683114983,0.1260600697375535,0.06882882258929413
0.185,17331.126523634895,0.03212070677111671,0.017254583389263483,0.040169764049680506,0.20261161684927206,0.05360522060249688,0.28244639202201244,0.1666102931266042,0.002275958327810669,0.12381812228284543,0.0790873425788977
0.19,17823.12645890897,0.03391999003732695,0.008266873805710551,0.03732093758842105,0.20198089611898729,0.055343285868692894,0.28129588392491844,0.16564953790633974,0.00036182150860728456,0.12430596779333535,0.09155480544766066
0.195,18321.783630502465,0.032538777912807314,0.008076726778215667,0.03867250627147945,0.20215909279740327,0.056094284205454224,0.2823749545465658,0.16547865232257153,0.000721002499530824,0.12423577843036206,0.08964822423560953
0.2,18821.107688374632,0.03183083687070388,0.008205871768714179,0.0389895685495122,0.20169613665754596,0.05593478219864149,0.2826842256212024,0.16526512666117524,0.0012908475660956748,0.12379248405770935,0.09031012004870012
0.205,19322.57181329497,0.034327488502166874,0.0134042406924411,0.035912888863074865,0.20095367923760002,0.04637645004263871,0.2847968239263624,0.16594178604158774,0.002011073733096361,0.12286843024239948,0.09340713871863238
0.21,19815.39397629903,0.03184213414938993,0.005059534681382548,0.03743896090654752,0.2012928159451669,0.0535298667455992,0.28494744235272235,0.16510416576202935,0.0006257543544624881,0.1236670909903696,0.09649223411232996
0.215,20312.34629207871,0.02721674667099664,0.009884510461602816,0.036687555838714615,0.20084669453192794,0.056592294469895485,0.2846263821906912,0.16449033133291696,0.0002254420286781588,0.12314803108000492,0.09628201139457232
0.22,20815.34499737989,0.03309571220280993,0.015107466271411104,0.03315117676987127,0.1992789024951705,0.05517473633961217,0.2849585183777709,0.1646891808709598,0.0019396831163782148,0.12177598223536372,0.09082864132065203
0.225,21313.060289455058,0.029163344828326783,0.004077177555222195,0.042820394469964516,0.20200901226407555,0.057657482956033235,0.28631926031462224,0.16446708405234664,0.0020049949658407576,0.12316639734755674,0.0883148512460113
0.23,21807.560909634918,0.030704522648857827,0.011915113182732343,0.03317746617783228,0.19987424292481745,0.056482892163957577,0.2860060212916286,0.16413006425513305,0.0009658620167605496,0.12183593731550207,0.09490787802277804
0.235,22309.81300371333,0.03199316842999999,0.01499386469528719,0.033670003284589564,0.1988547684633975,0.05537805534994469,0.2863737242506259,0.164485756847583,0.002198773660648813,0.1209127040688415,0.0911391809490816
0.24,22799.59939905542,0.03437529190323683,0.006225824709790808,0.034988349449411316,0.1999905849582249,0.05667210782682064,0.2864873585532894,0.16395475961400788,5.448452133675593e-05,0.1218474409676898,0.095403797496191
0.245,23302.940796787614,0.032597918285819975,0.005090936662021559,0.03367643009245322,0.19958635330689484,0.056885996515363225,0.2867559860636663,0.16336969246262248,0.001876199393208504,0.12197127222531297,0.09818921499263733
0.25,23797.929290160908,0.0342954830866883,0.0021924710627787875,0.036423895087894696,0.20029237242076814,0.056438348392640364,0.28743039256661473,0.16363554248820406,0.0009902332500778645,0.12202930424097255,0.09627195740336067
0.255,24293.061407704765,0.032976175799277155,0.005995061087085645,0.03320718768314411,0.19961003798567928,0.05787024776938985,0.2877179086797805,0.1634430359435487,0.00025131294514966915,0.12146852263877968,0.09746050946816592
0.26,24794.013061473106,0.024531410448109102,0.0050739285296261954,0.03588323846504176,0.20028258084082895,0.05889975088684664,0.288841216595625,0.162855285553352,0.0008724885614565909,0.1224310634250955,0.1003290366940158
0.265,25289.437340680553,0.03314193494879878,0.007697153825485222,0.0332683747007302,0.19899769484101848,0.05690917731928755,0.2884243785539559,0.1633341935168114,0.0005935972404500303,0.12078398518832086,0.09684950986513988
0.27,25791.120115656035,0.03257981803478597,0.0116942116838423,0.03163242411042168,0.19835556193853388,0.0592071742181119,0.2885316740367257,0.1631320118807568,0.0014677030566426757,0.12012449941986232,0.0932749216203162
0.275,26283.90091966744,0.033207121701772944,0.0012155558918026876,0.03603240446992486,0.1997028344314136,0.057807979570411776,0.2890346056929644,0.1629502375780946,0.0003877258116934488,0.1212504416095166,0.0984110932424048
0.28,26794.26336997269,0.034726720439944084,0.009733100962708609,0.02638694252627916,0.19777724532343585,0.05670168946540648,0.2891409074809488,0.16277408993205206,0.0036261336482960494,0.12031956514262405,0.09881360507830543
0.285,27278.190990324492,0.032956998477793466,0.006493462171794463,0.03308243223954206,0.1985692762421648,0.05718171517260099,0.2896249962569545,0.16289885295532894,0.00019162896472067542,0.12026073400271685,0.09873990351638384
0.29,27779.341971584767,0.03320111236904971,0.00719421075482813,0.032560566362241944,0.1981200320573665,0.05595723766972125,0.28990188824362895,0.16282216516275375,0.0011501844489887854,0.11999725791663632,0.09909534501478558
0.295,28284.71108639336,0.03630403119014297,0.014470517781759269,0.015981180275576018,0.1968284566356284,0.05727992311211508,0.29024573761164274,0.16262941146789436,0.0014465450869213619,0.1193973137989226,0.10541688303939767
0.3,28770.96334390912,0.033478706030450237,0.0009156401851975671,0.03467111970612026,0.19902859586689603,0.058047194013828574,0.2903944532424228,0.16249317162117508,0.0002565529999989116,0.12054724031180668,0.10016732602210356
0.305,29275.775469356915,0.03188731720311115,0.011442248933427115,0.03090736808074045,0.19701367138729398,0.05659568297675417,0.2906912548851873,0.1623757798860034,0.0017993754943475824,0.11900380514290708,0.09828349601022744
0.31,29783.015734710763,0.03338856534452002,0.008243990539792799,0.02959739166133232,0.19693295023747065,0.056665818958321235,0.29063145720141825,0.16227896406288805,0.004374215966828051,0.11908374274725933,0.09880290328016954
0.315,30270.358020086558,0.034173202969511436,0.012681266465647469,0.030502684640549012,0.1969889136501348,0.052622219779940214,0.29160925099944146,0.16293727460952145,0.0014262115199315155,0.11828619355690168,0.098772781808421
0.32,30763.216933430464,0.03580206942601112,0.005458007031748456,0.02941951146127748,0.19775776274121065,0.057275797418259965,0.29134824893059824,0.16233077523955064,0.0007769100583664765,0.1193397342229106,0.10049118347006628
0.325,31261.65080768413,0.03508792997690214,0.006900743377832517,0.02816802947992744,0.19722798364987365,0.0572547059042835,0.29144064616385523,0.16218256736136166,0.0009425862243537603,0.1190844386795687,0.10171036918204132
0.33,31762.786391022557,0.03283116047679165,0.004435444332864074,0.03158072447199065,0.19751139877283985,0.05412669283106586,0.29214111171624585,0.16221157885018786,0.0018709834564116328,0.11932787105256296,0.10396303403904084
0.335,32260.733114739654,0.033197942757979604,0.006632626831695164,0.0307295507141859,0.19699623067177266,0.05651306607991523,0.2919590370133934,0.16196610890937188,0.0019619819734587067,0.11892172523255992,0.10112172981566728
0.34,32751.40829090296,0.03345643630644147,0.00047122637149751015,0.03333570966967976,0.19811990669705176,0.05832080313490051,0.2921358925502042,0.161810353451675,0.00044948204977818566,0.1196351426807324,0.1022650470880376
0.345,33252.07395199699,0.03341527624565298,0.001877061100944606,0.032420610342544294,0.19767396070289905,0.05766478902743522,0.2922918955594217,0.16176966337550913,0.0012115889875935078,0.11922890078668286,0.10244625387131774
0.35,33751.58166742556,0.03339416967929602,0.0017332584671006838,0.03295682936502803,0.19833877780327214,0.05946313947491465,0.29299873534889365,0.16189003703260885,0.0016092344102711749,0.11955520685446785,0.09806061156414604
0.355,34255.165543437884,0.037490306721791766,0.016953633891474088,0.02148516357840633,0.19542733979240287,0.052982514625175614,0.2933083950452676,0.16257295116415965,0.001464484153166275,0.11695067358256665,0.1013645374455878
0.36,34757.01970465348,0.03491302820996358,0.021186652467042138,0.025752092718148083,0.1949678506370339,0.04606866325366562,0.2944540581345625,0.1629705035998214,0.0013611761032319225,0.11641347095011036,0.1019125039264197
0.365,35241.763477599314,0.03277808216671115,0.008063917854110043,0.03072183202475604,0.19666435596413825,0.05706275970683077,0.29313384657503044,0.16182651028427714,0.0009363178708408343,0.11805995818103107,0.1007524193722762
0.37,35743.921677340564,0.034885337842715025,0.003771696108783367,0.02672850214384977,0.19701576046675212,0.058047126050547876,0.29332462293448675,0.16140005705889846,0.002019882608712202,0.11864936984951185,0.10415764493574332
0.375,36231.467862272555,0.033492392890097734,0.0016487343894264644,0.03195768933221497,0.1973566865080184,0.05820044838946487,0.2933686689285516,0.16148129430300875,5.9088881346618165e-05,0.11872838476079947,0.1037066116170718
0.38,36733.40180061691,0.035856740812974616,0.0076954965219878544,0.02574639557790518,0.19624323400919366,0.05659779565050337,0.2935025562989204,0.16163455321014553,0.0006942790915407832,0.11782254462873,0.10420640419809918
0.385,37233.367264812245,0.0307054365141344,0.01183065771172294,0.028037549416540318,0.19585547620491697,0.056821924558659774,0.29393977193003024,0.1616062928421533,0.0008840163159472129,0.11735680887951234,0.10296206562638327
0.39,37726.00161866984,0.03401958403528737,0.010437326660111452,0.025219779236311413,0.1956767209324484,0.05729341029859983,0.2938158394886711,0.1615179739137018,2.6085306874720827e-05,0.11748197785799115,0.10451130227000242
0.395,38226.48016024396,0.038711015819072984,0.011867899385427405,0.026600336505182797,0.19519240424179374,0.0527115459836482,0.29409979641888745,0.1620601256095934,0.00030528517417666384,0.11648510168454634,0.1019664891776707
0.4,38731.79296827007,0.03380827846636813,0.011031697085928185,0.023870676372969413,0.19507215189130994,0.05683592286067815,0.29419296986107624,0.1612099566260221,0.0020671207446000726,0.11714339868163452,0.10476782740941397
0.405,39217.65590645279,0.03372229010463127,0.00729729931683165,0.02760656423351901,0.19599974863188505,0.057728361843636736,0.294267555121834,0.16127289350100105,0.00021624808192214086,0.1174910881771174,0.1043979509876214
0.41,39726.89439530833,0.033133792776544324,0.0047755232717166,0.029780266290592394,0.1959435617655323,0.05739540071304197,0.29421504216101696,0.16099821874800313,0.0026222304861925807,0.1176604597441214,0.10347550404323884
0.415,40217.60297238984,0.03396551806365887,0.0077349727506910064,0.033612212626110236,0.19595586428473288,0.05293181426787923,0.2952106123071323,0.16182308540159376,0.0009125598044895006,0.11718517792980113,0.1006681825639105
0.42,40709.67938484861,0.03387167976656311,0.0006722123155110352,0.030840802357213707,0.19678651125410346,0.058373658430581135,0.29463332739141457,0.16096882411110072,0.0004197070837739213,0.11814247763222575,0.1052907996575134
0.425,41216.2385093761,0.02960194812696257,0.01577576909247289,0.02654544017619401,0.19471621911198495,0.05645011907964289,0.2951417435331712,0.1612556812035204,0.000779051773273451,0.11637986104116893,0.10335416686160907
0.43,41708.91421920719,0.033356480680270084,0.011736653516505428,0.026915473072083692,0.19493324649409927,0.05588265893109329,0.29504661142513816,0.16125703161241764,0.0005558750939120337,0.11640735020305405,0.10390861897142532
0.435,42202.53827970699,0.03786373896983282,0.003339482304360217,0.027323033127153704,0.19566808382356146,0.05709891951709312,0.2945827941896733,0.16105928512129594,0.000392996948129028,0.117296493467048,0.10537517253185252
0.44,42701.61393279638,0.03275873845822403,0.003167873481577583,0.029911957827464038,0.19615524931462747,0.05817877346968914,0.2951785564579935,0.1608116268174351,0.0008251616040801582,0.11758833021021725,0.10542373235869006
0.445,43198.30939610087,0.0361188988846659,0.0017232134295692945,0.021988320048766656,0.19624103328623935,0.059219663976874885,0.2951522844614592,0.1606703420248399,0.000276430812172696,0.11798441672779655,0.11062539634761527
0.45,43715.436475985145,0.033306615321248526,0.016766929655874237,0.02579553669502781,0.19437178309884745,0.057329428893595165,0.2958448961439341,0.1613711804815685,0.002522865764090337,0.11561684358966284,0.09707392035615274
0.455,44202.493153999036,0.03051042982287304,0.007159970817412006,0.028520226183106907,0.19543931471285325,0.057624997475624835,0.2957842647680844,0.16056813221996818,0.002055744149854957,0.11702539584412933,0.10531152400609436
0.46,44701.81031546866,0.03907734413112919,0.015310429910392187,0.02699512929416569,0.19604284961428145,0.05677516220627502,0.2976965027497762,0.16237188730431135,0.0007105499071012166,0.11528137561926965,0.08973876926329771
0.465,45192.730583951954,0.03316939977118244,0.01680796844108024,0.02407680090973428,0.1936821693141357,0.05551332459445602,0.2958288553311808,0.16132057261499527,1.3020068595337005e-05,0.11520576089120245,0.10438212806343908
0.47,45683.54958922669,0.03332209212673287,0.003945718320844632,0.02908620817870438,0.19570459578038596,0.0580745253389913,0.29579762918291225,0.16067312977168555,0.00038628346993974436,0.11704890308624145,0.10596091474356227
0.475,46192.35723802568,0.03331540025073712,0.009751444532771028,0.025967240272788458,0.19467143147171875,0.05703982411855756,0.29601468523396346,0.16076395829975912,0.0018253225716502086,0.11632081857637873,0.10432987467167673
0.48,46686.509460705594,0.029373339859314337,0.011802007917907557,0.02545050096789666,0.19479546452825894,0.057664649183520385,0.2964751869935997,0.16062212274492008,0.0009425733469421297,0.11633275931492115,0.10654139514271993
0.485,47231.302978961765,0.03545466704237038,0.009359917325099157,0.01308097483893589,0.19396370694146706,0.057633923862968776,0.2963169995487187,0.15986823398148006,0.0076138993952345425,0.11689198158438642,0.10981569547933928
0.49,47677.629118086894,0.033669026731024086,0.012229167719883848,0.02717219834613144,0.19460600115153187,0.052045864775335404,0.29688119296405635,0.1614052635893851,0.00022860870455674375,0.11553825503453112,0.10622442098356501
0.495,48169.74886945992,0.03192884192815288,0.0032348733082350613,0.029668379170001976,0.19567522252226086,0.05846812621314568,0.2964179539779015,0.16048285935683454,0.00029868280356803767,0.11698969996279658,0.10683536075710252
0.5,48668.7804348125,0.0357964603251021,0.0013217990909416106,0.027334288623851767,0.19551687087698605,0.058418680109217636,0.2961265491622798,0.1603547747585133,0.0005922826670135798,0.11697021229413765,0.10756808209195584
0.505,49169.7508044424,0.033943405323284735,0.004628394590028639,0.02652490680837764,0.19512437618180584,0.057864240501730564,0.2964693251330733,0.16041116494119795,0.001067878014899915,0.11664526499080975,0.10732104351479263
0.51,49671.82013167424,0.030302391802959943,0.007730615343523159,0.02878249893751118,0.1948286014485632,0.056904166080803516,0.29688083479899924,0.16039038631727928,0.0015014287000832938,0.11637718596998207,0.1063018906002944
0.515,50165.241956434584,0.036419361103617764,0.009966705854487872,0.025173237032658276,0.1941290188527305,0.051670265773253565,0.2971566104376013,0.16086827954783953,0.0005185838515957262,0.11566343475099185,0.10843450279522343
0.52,50660.93191301613,0.03344338602462412,0.007327396544993849,0.026952757418365985,0.19457862168543594,0.05680361636735684,0.2967621087296275,0.16044810368611184,0.0007304394349969593,0.11600267238743495,0.10695089772105276
0.525,51155.81664290147,0.037232709690318284,0.004876968154269122,0.022743410960624717,0.19482296939356067,0.058008867157474615,0.2966200511552474,0.1603512774123995,0.00033411224641196566,0.11629048720447893,0.10871914662521463
0.53,51652.34809385082,0.0341105642675031,0.002927774952296607,0.028160675751501118,0.19511616163633,0.05761795155137061,0.29680726058650625,0.16031732296755885,0.0005050235377982781,0.11649985869556558,0.1079374060535688
0.535,52167.225776230516,0.03166714737934878,0.011029832144133656,0.026654138196989332,0.1938479684161588,0.05651763523007704,0.2970757787878597,0.16041212947729575,0.0023437597425735386,0.11527928021943998,0.105172330406124
0.54,52644.95022869032,0.03475132426272405,0.00025813821142735424,0.029198412494513062,0.19568865360166351,0.058626646153108135,0.2970633643831844,0.16026150060550728,0.0002569964891069813,0.11676049711331657,0.10713446668544932
0.545,53162.22715713501,0.032975571545330214,0.014020447868815282,0.024839066891834054,0.19356456512832806,0.0564766610159659,0.2976315881647229,0.16039612396220249,0.001896833821121659,0.11516119026379915,0.1030379513378801
0.55,53643.305886271315,0.03480268143210938,0.004125488660001898,0.02847974749492467,0.19480511966065006,0.05721559668740525,0.2970424898205769,0.16038577749618138,0.0006631516816215873,0.11606599610267468,0.10641395096385414
0.555,54139.475083653655,0.03710786209771177,0.0061230425789893135,0.02160541996580915,0.19451335230594247,0.058099880075003586,0.2971445403478384,0.16030159256339346,0.00015652702598910258,0.11589259115526546,0.10905519188405807
0.56,54635.132125703865,0.03368649051095387,0.006464188547888089,0.02647410793320401,0.19447482370171024,0.05779235778134587,0.297327339792409,0.16024044981255572,0.00010646071887544908,0.11583267649714665,0.10760110470391154
0.565,55138.963165616806,0.03626394874697389,0.0069266032238532145,0.01743906602906574,0.19438233466333146,0.059014777876422085,0.29738939067205994,0.16010901776429215,0.0004372968887420932,0.11600125885209238,0.11203630528316752
0.57,55649.030953547786,0.03392735049680845,0.0088277557313202,0.025161270954741004,0.1932889820111779,0.05709059831315826,0.2972931253809793,0.16032843912454814,0.0025031194873906303,0.11525169360509127,0.10632766489478457
0.575,56125.96189359998,0.032437522788383424,0.004678715429983599,0.028552424138244624,0.19478952154482534,0.05808593350827241,0.29760671011164075,0.16009193984142,5.777915840999395e-05,0.1159956173896973,0.10770383608912368
0.58,56629.92460346097,0.033510270855276934,0.002891174031160047,0.026888412664405628,0.1945862278772844,0.05800449411334337,0.29742956432543644,0.1599343314032352,0.0010666950578752,0.11610950207208567,0.10957932759989628
0.585,57129.393887458624,0.03312526089199905,0.013681748982106688,0.02116018937647296,0.19333546266818946,0.05719931853156021,0.2977856680625608,0.16031357054781795,0.00017178937237164805,0.11470820165137215,0.1085187899155497
0.59,57625.985787160156,0.0378930625047156,0.0067041741655222845,0.019409177066312927,0.1938013570330279,0.056720878376405125,0.2975326695093661,0.16016327272041597,0.0006374995455223733,0.11552437704194075,0.11161353203677032
0.595,58128.86851412841,0.034336704719349354,0.004151931709076205,0.024437730618022006,0.19433885220126584,0.05750356707336277,0.297808745944857,0.15990198362949856,0.001861330773220157,0.11601392745920093,0.10964522587214716
0.6,58619.387876310975,0.033553420873870116,0.0068949870629364494,0.025932537710253955,0.19393974374451495,0.057696004797471376,0.29779572090739964,0.15998873780718895,0.0008019490575904957,0.1154205688508082,0.1079763291879664
0.605,59112.08552079675,0.03378275072110914,0.0036872523435847616,0.02737408052062037,0.19456936236067734,0.05803826427046543,0.29791514256084184,0.15995164483101862,0.00042333896325940447,0.11582664776016713,0.10843151566825597
0.61,59627.511829177725,0.03004236982749915,0.015175384690966747,0.02167996078517079,0.19295042191422085,0.0596196867831221,0.29793679330563383,0.15982623160025347,0.0012521023087138936,0.11450937065698663,0.10700767812743278
0.615,60111.124086142,0.032631094370545795,0.001095335708287802,0.02807406464020796,0.19495943388065867,0.05884528306635016,0.2981245981792081,0.15966315140132614,0.0010841843804496802,0.11625896753508325,0.10926388683788156
0.62,60618.076331011376,0.031926584660601415,0.0040900036371282695,0.031721586497677194,0.1948850114095235,0.051009192202972536,0.2993599406282528,0.16034856660828348,0.001758411583586356,0.11591879993524852,0.10898190283672456
0.625,61111.942016770525,0.03457288463419817,0.003951596942576293,0.024013523787545968,0.194078259873612,0.05832474613043522,0.2979346858972834,0.15963748815002193,0.0016818007660857836,0.11567111105212875,0.11013390276611143
0.63,61603.028752553175,0.033580168381809126,0.003198544309035143,0.02694570829310004,0.1944516654947782,0.05818298021397835,0.2982039890046393,0.15976138724667768,0.0009890004336311252,0.11578518035818808,0.10890137626416233
0.635,62099.892762672236,0.03255829276677244,0.010324003379128671,0.02474503213792424,0.1934150848600233,0.05750720685206051,0.29818603045246306,0.16001820801675282,0.00026591832226418113,0.11471780086909998,0.10826242234351208
0.64,62592.66674345705,0.03456410980225982,0.005526368517868312,0.026142213702562343,0.1940073420350484,0.058059659183305926,0.2983032671183185,0.1599223328418015,0.00020405348835960985,0.11530642965488355,0.1079642236555918
0.645,63097.517495736676,0.033475085113203816,0.006098285657539393,0.026135477093344427,0.19391329248831812,0.05781149685994031,0.2983741693098678,0.15981022238847725,0.0010838012260929973,0.1151736715936175,0.10812449826959768
0.65,63610.766421109874,0.03141485524247894,0.009466119713645095,0.02124017016721556,0.1933757680303827,0.05853735923169035,0.2984739450405581,0.1595839562157392,0.002514016631016587,0.11524481324177385,0.11014899648549896
0.655,64084.94228551372,0.034177975996922114,0.00698070970214029,0.02442610108323924,0.19376005575161626,0.057967351169159215,0.29847756031082456,0.15983686757193696,0.00010706924478176238,0.1150630269322134,0.10920328223716673
0.66,64580.96382459157,0.033931049813124066,0.00034947209576208536,0.027878471322363863,0.19478581336229106,0.0587511824471952,0.2985129552637621,0.15962549644172566,0.00034677559799428035,0.11596029417558433,0.10985848948019897
0.665,65122.29737412523,0.034519548200788834,0.00925702395906648,0.02248145511493712,0.19292601860309,0.05594022860381041,0.29870342860133553,0.15950043324513855,0.00474513334148321,0.11498162564451656,0.10694510468583343
0.67,65597.82337843216,0.03439414489615982,0.006798900025521482,0.0242844984734362,0.19341103056468434,0.057508069121757724,0.29852972085441964,0.15957876406773627,0.0025561563542458136,0.11468736695695746,0.10825134868508296
0.675,66091.12345595108,0.03297722190625392,0.005908935838796464,0.026844612496478088,0.19383994082725364,0.05771793915670467,0.2987402155101341,0.15960844303559935,0.002157704865650621,0.11516838218434025,0.10703660417878837
0.68,66579.65200566474,0.04030907882128242,0.00265747881101553,0.021006566122332336,0.19251341764502491,0.056557151202953765,0.29830241729262563,0.1599862670634203,0.0009550833917604838,0.11495101343724773,0.11276152621233487
0.685,67077.80980415862,0.03155436457064127,0.006351456817667456,0.02497389249757918,0.19345595426116535,0.055889665792404834,0.29872195031551263,0.1596392788188249,0.0011132408308786048,0.11502173075063435,0.1132784653446913
0.69,67569.33008685564,0.03431432340002522,0.002124456306806696,0.027069173567966245,0.19417850902328498,0.05758128193529358,0.2987751730236217,0.15958763534183135,0.0008116891856951659,0.11546692007473112,0.11009083814074358
0.695,68073.46423946244,0.032690914197773445,0.010464157365926064,0.023633188781033862,0.19301271031311376,0.05738884294088555,0.2989895300242993,0.15971069204465954,0.0008240212311664135,0.11444874363178485,0.10883719946935913
0.7,68571.6624590955,0.03266818706348841,0.00271989004325592,0.029494669282855088,0.19481291422967684,0.05814635436023718,0.2994641486713675,0.1597232528130401,0.001578017322355401,0.1155980503121786,0.10579451590154408
0.705,69105.59838467733,0.04129339174860388,0.011934676732110695,0.015032557959173359,0.1893972666212242,0.05554066416593762,0.2986132145493773,0.15970131757797018,0.004008680608121344,0.1135735098269622,0.11090472021051903
0.71,69577.36689837174,0.03361789120829357,0.011383943193617258,0.023855824938133804,0.19305156056029124,0.05708045876374994,0.2994504723986853,0.15994768897213685,0.0019512801735974336,0.11423700585433312,0.1054238739371614
0.715,70071.99159125783,0.033084941981761706,0.010685295244861108,0.023370756884012994,0.19250133177424256,0.05689602044220422,0.29907777316909473,0.15965646991090282,0.0017634149491191945,0.1141053910077696,0.10885860463603007
0.72,70562.22220836932,0.03160246541316477,0.008764088182941197,0.02484591167101303,0.19325503633223767,0.05772221287675178,0.29940394588436625,0.15945710658455964,0.0012168677512615284,0.11457766106971524,0.10915470423398924
0.725,71073.32603525487,0.03370433079065074,0.013933416166891359,0.023256897010951644,0.1922034109596999,0.05627216636890224,0.2992362128762097,0.15958649506735065,0.0019131008422219886,0.11345183823257715,0.10644213168454336
0.73,71562.93821115518,0.037869105684599516,0.011799449664887577,0.022104066202391987,0.1925990133263792,0.05582008077663269,0.2992724629017167,0.15995941627561802,0.001319313675410177,0.11366300094003998,0.1055940905523238
0.735,72054.20462770046,0.034155493947918836,0.0017759126302937152,0.02513951661530835,0.19400931411855754,0.05871351641786749,0.29913757259783186,0.15918947567406028,0.0017656879348388066,0.11546041270424805,0.11065309735907453
0.74,72556.96245005401,0.03448785629301969,0.005337913951988397,0.025738883484500926,0.19412821340110906,0.058900276664463826,0.2995437446604008,0.1597070231065759,0.0020662587701807188,0.11505299988515333,0.105036829782609
0.745,73055.96975267143,0.03485155513881838,0.012614985361026908,0.021374055945906568,0.19226637085322665,0.05656610716068512,0.29898147292693994,0.15953681032903458,0.0013659875463956509,0.1138890635938908,0.10855359114407462
0.75,73540.94321983252,0.03356289858043242,0.0013449392074511082,0.02698021771078289,0.19408814037593364,0.05865006121486783,0.2993062269786765,0.15926299890984955,0.0012334954796028865,0.11537940655143428,0.11019161499096816
0.755,74040.74254923494,0.029943297073796813,0.0020441733494184727,0.027998714569484568,0.1943130788779455,0.058816900380847165,0.2997387289036357,0.15923145802599792,0.0013721200668789294,0.11562695670521793,0.11091457204677672
0.76,74546.13159313286,0.03875351259021715,0.0037096242581680107,0.0261568942141709,0.19851948371013886,0.06208352627679543,0.30281388766444123,0.16114382403324815,0.0007876998306974019,0.11668024548541152,0.08935130193671073
0.765,75030.45022279766,0.03406980371024329,0.003911056895978601,0.025876451925607342,0.19365900310966286,0.057918414826539026,0.2994531175021479,0.15939100164235745,0.000834479950954399,0.11489666181518556,0.10999000862132466
0.77,75518.80368695766,0.035584087538767364,0.00014243084559675026,0.027189739995877774,0.1942248429576559,0.057882946544540625,0.2993773880276219,0.1594407970993731,6.241588148276659e-05,0.11520842683262003,0.11088692427646338
0.775,76022.51691038173,0.0351869242693139,0.002604884587004315,0.024052292838041247,0.1938287463239965,0.058636356024718235,0.2994588048044371,0.15930163684623214,0.0006093937705261322,0.11511076943218705,0.11121019110354297
0.78,76548.3861062086,0.03533867060542927,0.006039191606670925,0.02397370061313585,0.19274569551214105,0.060595060957662615,0.2988759807481341,0.15886984935944656,0.003136497852249209,0.11420173826990357,0.10622361447522488
0.785,77026.62754632397,0.03402243107812348,0.0029760068306311357,0.026069143347126976,0.1935690913933947,0.058342005743494865,0.2994240970034716,0.15924254266183158,0.0015765265613338392,0.11490415386606585,0.10987400151452573
0.79,77513.65041076305,0.033612779715246635,0.002242077476482728,0.028152172245661918,0.1941002473178141,0.05910418959828082,0.2995365457791328,0.15934444059066727,0.0005585388214332573,0.11503379906538737,0.10831520938989386
0.795,78019.00790268353,0.034686732362430084,0.002014481779139484,0.0243420998884842,0.1940034744543785,0.059123798780678236,0.29994852838965336,0.15916992550304918,0.0013614549650137052,0.11540956824373175,0.10993993563344127
0.8,78527.37801707974,0.03367585302722331,0.003136495148547535,0.025868060513583813,0.19347013798570573,0.05779380500885992,0.2997788578527653,0.15909205874050225,0.0024002552979907822,0.11484024856959575,0.10994422785522406
0.805,79052.05714986532,0.035805943354295384,0.01169077523355823,0.020137779331028602,0.192222256704189,0.05105728005263164,0.3002914384975282,0.15988878262457412,0.0037991277308213906,0.11362393733535832,0.11148267913601477
0.81,79537.35360832734,0.03452660983507168,0.01547523161718024,0.02502135674838884,0.19387950461487335,0.057820280715080975,0.301947788783178,0.16061360510064238,0.0017972024783767194,0.11240277735660413,0.0965156427506044
0.815,80000.07438567662,0.033894284330803236,0.0023944435796319835,0.0262985046941457,0.19372200900332484,0.05847550700323029,0.2997799052274652,0.15922088199970014,0.0005656352317733488,0.11492748206905128,0.11072134686087244
0.82,80500.72327296609,0.029986366201401663,0.0015504747658074565,0.02259197897366476,0.19444717111909715,0.05994337656296698,0.3004318583956214,0.15894825082125033,0.0006763327917958411,0.1157548731845828,0.1156693171838114
0.825,80993.15952068643,0.035610156757671,0.002486601137458176,0.024535824960000032,0.19369773622602826,0.0579269277436108,0.29987490023428903,0.15927679069764192,0.00038271255702408143,0.11485807198738485,0.11135027769889333
0.83,81489.73939543775,0.03254033077834375,0.0013682085383446255,0.02696737788687909,0.1940670504212408,0.059083602140425524,0.3000030117987235,0.15915334963739974,0.000386400588847873,0.1151408316901472,0.11128983651964916
0.835,81995.27994902314,0.03850276358394274,0.0010804917263674595,0.025997994571248413,0.19363165672749694,0.054562069108709615,0.2998797034529731,0.15959230439848873,0.0010032826434137165,0.1146197483210538,0.11112998546630597
0.84,82502.31999155921,0.03230466380756018,0.0026100307062674327,0.02603172937551713,0.19354148709607552,0.058720178397252916,0.3000033001835476,0.15897703852363804,0.0020094169904029888,0.11500085209075855,0.11080130282897983
0.845,82995.72262119986,0.03232913709946042,0.007149304239262786,0.02866346810886965,0.19345148861252065,0.057969639391897226,0.3005991019563982,0.1594833863270289,0.0011183344097185476,0.11426639959859468,0.10496974025624843
0.85,83542.66366932738,0.028408702134952737,0.00930805807555973,0.02312172149385421,0.19228105340186885,0.0571632754260708,0.30057274478152696,0.15882884515954235,0.0052828787753084715,0.1143499080033737,0.11068281274794277
0.855,83974.96870015151,0.032491032376973435,0.003234118953299097,0.02607923699762555,0.19368354418665293,0.05883265502737076,0.3002106752808865,0.15914481006935174,0.00017234400883544374,0.11480231417964412,0.11134926891935903
0.86,84469.57480076031,0.03405565203919871,0.0012636164690740554,0.02638888570032135,0.1938599047728883,0.05878053919998009,0.30009696653636153,0.15914537753229044,3.9001791236653855e-05,0.11490429443016514,0.11146576152848373
0.865,85058.54007465662,0.0374998621847618,0.01089049912974382,0.01378227277102288,0.191594290094472,0.05729426050630713,0.3006562471686772,0.1583256954820864,0.006660583997821502,0.11426751616670434,0.10902877249840266
0.87,85508.7543253701,0.030062994127358605,0.012481105224532198,0.022762521991516918,0.191631098152214,0.056917406798545365,0.3004929463703862,0.1590279440888308,0.00278237449563557,0.11375384606326615,0.11008776268771292
0.875,85988.6822829748,0.034000510049982134,0.008916016488342601,0.02240489805467385,0.1926824839944632,0.057579125780872036,0.3002067555922811,0.15911789015445674,0.001826069080832062,0.11361507349085573,0.1096511773132409
