lambda,markovitz,HPG,ACB,MBB,KDH,MWG,VNM,SAB,GAS,ACV,FPT
0.5,27287.28221612786,0.005697697222553809,0.17042866826892375,0.12524348469618893,0.22518482662587208,0.0014598583498414762,0.0003928905588391296,0.21939041322387307,0.00023273009109208424,0.25173671503816547,0.00023271592465175318
0.505,31381.81056484074,0.001793040532932288,0.16895510672979772,0.125265735467129,0.22892966351099642,0.0017929905017605038,0.001792448147539041,0.2197337425330713,0.0012989375130458424,0.25035193242336623,8.640264036109617e-05
0.51,35670.01538338013,0.0066426979935941,0.16573106296328352,0.12358398664229937,0.22709922402218924,0.0036436576077558775,0.0022493071962063566,0.22059547323807144,0.0017154289185972314,0.24812624113474302,0.0006129202832591482
0.515,39472.38434757097,0.0024823663918189854,0.16407772778506546,0.12661003822336278,0.2340211175981419,0.00248236639228787,0.0001961892484155731,0.22187026694443687,0.00019618815283315845,0.2478675513100495,0.00019618795359073853
0.52,43511.75732420762,0.0008633884098308432,0.16246119544631815,0.12826948005482683,0.23657522180924218,0.0005477665310604847,0.0005471841374158207,0.22289722624502853,0.0004989460153849758,0.24684064533540487,0.0004989460154871356
0.525,47535.0116376459,0.00029490300103741224,0.16164368412519706,0.12753197910540828,0.2395478200514043,0.00029476731420818825,0.00026377426263497284,0.22422761575589034,0.0002637695163276052,0.2458552282075898,7.645866029991982e-05
0.53,51978.58905199235,0.0035331072594308737,0.15576415128127757,0.12512508841839057,0.23903846731818396,0.0035329641706044225,0.0032528235747930614,0.22275568285408848,0.002170747526283177,0.24265627035960582,0.002170697237341771
0.535,55837.989193184,0.004983762517107461,0.15304474885454986,0.12785275545263486,0.24230400779565994,0.00441354299959188,0.00022930560056566243,0.2244347832053667,0.00022891604174340847,0.2422792625495309,0.00022891498325021718
0.54,59971.9321883245,0.004430087739980078,0.1503250818548787,0.12833532151367974,0.24417520349118346,0.0032145771467851727,0.0015044588247487291,0.22486323808084557,0.0013266262677952725,0.24082017882333587,0.0010052262567686195
0.545,63939.399676844114,0.0034999696635386523,0.14936711903660366,0.1296415077903449,0.2467391103859617,0.0026293204006929694,0.000610947213214919,0.22630892689274393,0.0005862635891941649,0.24003062481714413,0.0005862102105617349
0.55,67913.04385889848,0.0005177180458817335,0.15850153994890148,0.12195834585992882,0.24999052698242583,0.0005093656990466648,0.0003641158833259946,0.22845232918066663,0.00031826459268330636,0.23908496604892945,0.0003028277582107127
0.555,72030.68153390365,0.001860795472940324,0.14606736681924648,0.1302920764193467,0.2510133732748263,0.0018607921468699728,0.0018432427397172247,0.22800894274393876,0.0006875769219900476,0.2381297398332392,0.00023609362788359323
0.56,76161.789164791,0.003165717197052507,0.15250239747874658,0.11902534526910326,0.2530242372768986,0.002925836077477528,0.0027694136769938153,0.22837347345200715,0.0007140364233845341,0.23678548851535497,0.000714054632981456
0.5650000000000001,80458.32306926273,0.012686544936308145,0.14216453778836094,0.11875111721949384,0.25115127531899123,0.007372167742739681,0.007836582434752618,0.22657667648741936,0.0007933756657987816,0.23140568656787291,0.0012620358382606945
0.5700000000000001,84183.14611755639,0.0069584439131235186,0.1412940821889072,0.13044525297455348,0.2562298705304025,0.00022723690276996934,0.00022723733859526894,0.22998617166642443,0.00022254400220515408,0.23418651594644233,0.00022264453657385295
0.5750000000000001,88264.98083585693,0.0014658342195704274,0.1393034144616802,0.13106194337771804,0.25785736673815823,0.0014541330999422698,0.004424416848279683,0.22991774345079477,0.000641285131746666,0.23295773633802142,0.0009161263340874405
0.5800000000000001,92300.31869422186,0.003344584695001396,0.13677906735306225,0.13124338051843149,0.25923867168128595,0.0032989233673279025,0.003344663849612792,0.2304384809108737,0.00035597878663827607,0.23160007817488354,0.000356170662882206
0.5850000000000001,96384.0579913941,0.002613193455099084,0.13547333221001837,0.1311101975554641,0.2610486456572504,0.0026022440459585647,0.0026133856689653247,0.23098084225247842,0.0011699250802160558,0.23098082386593963,0.0014074102086110507
0.5900000000000001,100477.50755561139,0.006929803659580373,0.13023590654340475,0.12835603269374407,0.25995101671975035,0.005071766883579693,0.010584815937158727,0.22936597440258566,0.0009519056845148108,0.22730312295728097,0.0012496545184004215
0.5950000000000001,104536.8737068603,0.011359966647645223,0.127813463482897,0.12423830600719454,0.2583762314260227,0.0040596231129439555,0.020800218345450813,0.22783145747847874,0.0008548736326453925,0.22341846160781137,0.0012473982589104756
0.6000000000000001,108414.05135198546,0.004577464856831936,0.1270249854115032,0.1286563219806575,0.2615093259094808,0.0011972549629204639,0.024240024682471238,0.22905233364861724,5.358002782416241e-05,0.22361972221912932,6.898630056393751e-05
0.6050000000000001,112508.05648986353,0.005284551455424666,0.12463336657663716,0.12819611699274097,0.2631688862083399,0.0052926077669697685,0.01812139157622239,0.22934702876126206,0.0010456003095168063,0.22298443967641,0.0019260106764760867
0.6100000000000001,116394.69236697578,0.004428682206078622,0.12141249303687301,0.12607231089808807,0.2610799142543936,0.0044290550848696385,0.03628538331458023,0.22707264667645216,0.00022206501346307028,0.218770537043735,0.0002269124714667021
0.6150000000000001,120716.45403904856,0.009661587112201834,0.11895944977802428,0.12164186297830902,0.2615792402922637,0.013880511030830458,0.01830371451721703,0.22760701223438823,0.004084058455306055,0.21928122828307756,0.005001335318380722
0.6200000000000001,124259.39646222394,0.0010714056217987515,0.11619611850118212,0.12445803782924009,0.25992592466232756,0.0010947612292501042,0.059487765765668874,0.22415179586343148,0.0001647708583447592,0.21328125328391281,0.00016816638484486754
0.6250000000000001,128163.94535992082,0.0004064077801311593,0.11331642375512366,0.12327949284451419,0.25958892943950324,0.003368515895818604,0.06580175637420353,0.223079805024944,3.535466976715049e-05,0.2110878245351073,3.548968088813238e-05
0.6300000000000001,132107.06636115166,0.00480191930048746,0.10808688766171799,0.11869753426161095,0.25616389545839063,0.010327562511044313,0.07242122389740756,0.22017399103500088,0.0003301062587586206,0.20741650764898445,0.0015803719665981
0.6350000000000001,135950.49107434019,0.0014649299624951277,0.10568477106018904,0.11822385030045202,0.2562627679397217,0.012203623645526752,0.08098442043005043,0.21899177857869695,0.0003686022189374821,0.20544307898710748,0.000372176876823472
0.6400000000000001,139913.05563552183,0.0075269721760623355,0.10414596022003067,0.11416561257264501,0.25416928988470877,0.007782358901134746,0.08640318428832185,0.2181028273260557,0.0023902657260976064,0.20292326191774976,0.0023902669871946566
0.6450000000000001,143696.508316278,0.007013119003372198,0.10092910972468193,0.11330648961158164,0.25352543589645454,0.009422943530363543,0.09538978208741412,0.21646299005277253,0.0003858267662956612,0.20000643519180356,0.0035578681352610433
0.6500000000000001,147477.9435057534,0.004581510063823665,0.09915532409564187,0.11309241034206138,0.2534769946049378,0.010076253831972371,0.10366311011201183,0.2157723171144825,0.0002947423194910659,0.19812851329933187,0.001758824216246106
0.6550000000000001,151269.63678958316,0.006605467664743949,0.09523221887601768,0.11100473140906328,0.25198143137161294,0.014629798393864427,0.10947347131591047,0.21371710407953418,0.0005555145251891021,0.1959700666616666,0.0008301957023986392
0.6600000000000001,155030.5763592465,0.0037687990795213793,0.09307349683673172,0.11074134690393123,0.2517341456367012,0.0174940619691928,0.11622065463823258,0.21259016429210312,4.346596168930485e-05,0.1942129156492241,0.00012094903267231326
0.6650000000000001,158816.31156542292,0.0026658277420099673,0.0906780508671781,0.1096106417338814,0.2509972910640126,0.019399547632669246,0.12246816812095823,0.21130023857237895,0.00025214424970837273,0.1923757358241643,0.00025235419303749993
0.6700000000000002,162713.09858225886,0.013019866317143169,0.08726342070702214,0.10503703179230911,0.2480600934224792,0.013767281654096906,0.1273146533489532,0.2100959846994129,0.0030199809469539317,0.18927963391996797,0.0031420531916613375
0.6750000000000002,166307.16618935514,0.014273851999445052,0.08462348607235513,0.10388781464810186,0.24742319005105487,0.021135831127898602,0.1323273514241235,0.20869981124800827,0.00020280224153496935,0.18722301212230807,0.0002028490651693417
0.6800000000000002,170076.3144228086,0.01240755462145915,0.08292629987440493,0.10254744501901795,0.24647561370597196,0.02247165085701903,0.13785103798344683,0.20749344881234533,0.0008609815631948194,0.18557963150815707,0.0013863360549828778
0.6850000000000002,173802.5685890539,0.014928446708003976,0.08130605498642876,0.10047187949935546,0.2454568060625472,0.021463613348464698,0.1430017519408077,0.20664476154891545,0.0006759377992604754,0.18356706532180414,0.0024836827844104854
0.6900000000000002,177590.87281910118,0.019097609213638716,0.07566959190283652,0.09970131379629543,0.2438551149611113,0.024071580831133508,0.14458051506752415,0.20511324032481235,0.0024036840397331084,0.18176492627678265,0.0037424235861320946
0.6950000000000002,181236.57487916818,0.01949930821286543,0.07766947918305075,0.09564324619121725,0.24254939158395158,0.02463243435638637,0.15189660471245048,0.2043185095739132,0.0015380463644635725,0.17963558669473073,0.0026173931269698894
0.7000000000000002,184867.01316621812,0.016777156928177214,0.07662426836597577,0.09860109460105503,0.2441861508795995,0.019991387609788327,0.15936913775067926,0.2045898145399782,0.00033908027635617217,0.17879855403056685,0.0007233550178240486
0.7050000000000002,188606.77993043745,0.011366492435059673,0.06642005734745003,0.10001152555856178,0.2436676030094526,0.03143904864979241,0.1634089000540078,0.20167657129119618,0.0018659594149987785,0.17826395971294923,0.0018798825265329124
0.7100000000000002,192232.8247881504,0.012061326710616401,0.07043201970992105,0.09479390658001417,0.2414340522152796,0.033843199520779084,0.1666410021189508,0.2006369882252842,0.0005955697204191953,0.17567108240062038,0.0038908527981148544
0.7150000000000002,195855.65250150833,0.01911148096254387,0.06873407673455954,0.09238806119979573,0.24017956069196608,0.03219338006312668,0.17073516515593753,0.20019734880815476,0.0003539116794413431,0.17359058337647862,0.0025164313279940438
0.7200000000000002,199537.5090783261,0.020435302769441572,0.0663661160941671,0.09106971598118623,0.23927591391009068,0.03235103802665597,0.1744350251864999,0.19921021841282563,0.0011962143140558552,0.17202139557181095,0.0036390597332650837
0.7250000000000002,203236.82155887724,0.022026232391792935,0.06541006666825594,0.0883028904312799,0.2373739147777364,0.032047596463264,0.17828023112374297,0.19795614729105263,0.0025403608366021315,0.17027190127395775,0.005790658742314917
0.7300000000000002,206767.2726845066,0.021247434062841002,0.06451276208420258,0.0895367043204443,0.2383893080518409,0.03160399509894679,0.1838530960389333,0.19803726959884302,0.0005440334026566803,0.16928802045147337,0.002987376889817308
0.7350000000000002,210496.6236387364,0.021870803955316213,0.059187449761899165,0.08477277436767516,0.23525312529087386,0.03606514357998333,0.18461608526374315,0.19570176647331639,0.0019606045589993532,0.16736612557520336,0.013206121172990363
0.7400000000000002,214009.40975663447,0.022091107957996823,0.05693415684724864,0.08667914425428698,0.23604185821412801,0.03779681834952859,0.19010455444620616,0.195135503691617,0.00047451923716324387,0.1665456165385505,0.008196720463273147
0.7450000000000002,217617.83829006384,0.01850477786026279,0.06072696654897171,0.08388145627961675,0.2355836212459004,0.039324301724036684,0.194615726168547,0.1947228204632885,0.000939961002702005,0.16521369947319725,0.006486669233476008
