lambda,markovitz,HPG,ACB,MBB,KDH,MWG,VNM,SAB,GAS,ACV,FPT
0.5,-95156.93424347113,0.021732662681035516,0.20314104038880898,0.09025242891070726,0.20818260752663034,0.0008069961298617632,0.0003945328821089862,0.21361074754574216,0.0008048617840990609,0.26067958927170604,0.0003945328793007921
0.5005,-95306.50196035823,0.00449304361849338,0.18817533513489704,0.12493887059279342,0.20069003209863148,0.004147640428237418,0.0006168610378140249,0.21273119814838504,0.0008120745382592326,0.26277808336467007,0.0006168610378205569
0.5009999999999999,-95351.75342699821,0.00015982992722505797,0.19210024237443693,0.1207436211870395,0.2099481814194572,0.00015981291162720906,0.00013607604601396036,0.21359197882165717,0.00015910421633926917,0.2629266979267902,7.445516941385266e-05
0.5014999999999998,-94885.95038189954,0.0032989861221567308,0.18768528203240753,0.12229422330562689,0.20770063804850583,0.0032480977643059893,2.990830058806326e-05,0.21273382180360212,0.00024107191001146536,0.2627380624121407,2.9908300656209485e-05
0.5019999999999998,-94388.16596269244,0.007048292091808411,0.18615489716862205,0.1256962956645094,0.20083549775781653,0.002712795814848767,0.001054385909707176,0.2128189596442624,0.0010565694368096109,0.2620132511666692,0.0006090553449460414
0.5024999999999997,-94354.80017765371,0.005266891005672071,0.18545351172603436,0.12400611699143795,0.20948362942576618,0.00011136086965165279,0.00011016170819613633,0.2134436109938921,0.00011043564490111119,0.2619041199259325,0.0001101617085161546
0.5029999999999997,-93688.66999531444,0.009955509700404253,0.18481395577129214,0.12026035268922441,0.20600328922134467,0.0023838418922219507,0.0012858734658004304,0.21205207606783177,0.0013312066383649786,0.2606280210870371,0.0012858734664778033
0.5034999999999996,-93709.22469411085,0.0012053392165665652,0.1886633200812243,0.1218270100723746,0.21041902317192107,0.0012042210558174872,0.0010347030330823623,0.21199411565918969,0.0012042210559270016,0.2614133436194764,0.0010347030344216178
0.5039999999999996,-93436.08208753543,0.00652379091803067,0.18643741772240982,0.11922672307011979,0.21421509661615482,0.0002998270649896463,0.00015801984981978696,0.2146796168883195,0.00029982706538314065,0.2580016609549515,0.0001580198498199242
0.5044999999999995,-92944.2185651154,0.0072334347972931555,0.18460783224060118,0.12003293950407348,0.20724184254275194,0.005622282481420541,0.0003214965113784697,0.21235491319239,0.00032149708379321094,0.2619432131698493,0.00032054847644879733
0.5049999999999994,-92737.61825311572,0.009996557599238995,0.1849397057456679,0.12024233615186522,0.20957989412580358,0.0003989539883198884,0.0003989062882572388,0.21335572641212303,0.0003989482675648239,0.2602900651328985,0.00039890628826410023
0.5054999999999994,-92129.28487790476,0.013234280374216815,0.17851327615569304,0.11814766140915885,0.21136101319888706,0.002486224904787387,0.001363705936777914,0.21194037560772386,0.0017910214462079361,0.25979873502960027,0.0013637059369465323
0.5059999999999993,-92252.83711457602,0.0030437355639552272,0.18568078402594543,0.12206665741675417,0.21043866304539735,0.0029559570206649623,0.0003477111600227961,0.21343095230762466,0.0009227249307531365,0.26076510336866904,0.00034771116021443347
0.5064999999999993,-91648.23656608735,0.002873917209059106,0.18361657265882672,0.12060523220046752,0.21114959054904614,0.002870655606542685,0.0026716760917729963,0.21143134214385137,0.0028706555984568975,0.2592386818501884,0.00267167609178898
0.5069999999999992,-91533.50514306253,0.0030438890575274105,0.1861238196848229,0.1198487369534357,0.21135503972186245,0.002914630988847397,0.001187471585698735,0.2129281305839427,0.002299940187166446,0.25911086965083036,0.0011874715858655421
0.5074999999999992,-90352.07334685425,0.009908310706489473,0.1757564991393955,0.11987674542651523,0.20199338968622355,0.00982297112575571,0.004096709708713808,0.2061207722427094,0.009776426774107444,0.2614135977370079,0.001234577453084203
0.5079999999999991,-90962.74299323148,0.0075509693339831305,0.17479877580882713,0.12775541647623168,0.21121609090511098,0.004006646812130322,0.00039259896049102046,0.213377342916482,0.0003936906705497895,0.2601158691554223,0.00039259896077340574
0.5084999999999991,-91041.1368819505,0.00016184974271079712,0.18782356229748526,0.12164529628429764,0.21453086709626093,0.00015837661504043072,1.4668540540121157e-05,0.2151636166512056,0.0001580025442749406,0.26032909168764434,1.4668540540100379e-05
0.508999999999999,-90275.69583859593,0.0039343150900149546,0.1818112547032842,0.12121339613744576,0.2122039084772128,0.0030678853953143258,0.002050471051650873,0.21244100332142166,0.0022022563534530317,0.2590250383688736,0.002050471101328836
0.509499999999999,-90135.14030543271,0.009249347753726997,0.18228339511137212,0.12046466798202204,0.21215565558156177,0.0009501501635355316,0.0008330697784357194,0.21381272166600276,0.0008330701258874378,0.2592830545139841,0.00013486732347070069
0.5099999999999989,-90002.01770615397,0.0008319762526679745,0.19404101615645947,0.10178201651765933,0.2250024724028257,0.000824956129144712,0.000595649527303944,0.2160840172232059,0.0006478425428692708,0.25959440372056264,0.0005956495273027504
0.5104999999999988,-89302.4666063766,0.008777071702653155,0.18488449932385057,0.10938656478213087,0.2224506903766861,0.002207151928854918,0.0019518942151541805,0.21316818057466508,0.002206241654974316,0.25301581122578937,0.0019518942152443105
0.5109999999999988,-89063.72600558304,0.0030509995845659043,0.13931707326735449,0.1359013395081005,0.23837844678340864,0.002941485650497437,0.0012791084276736683,0.2192164997727155,0.0012853117957512216,0.25735062678223153,0.0012791084276983762
0.5114999999999987,-89289.88599028104,0.00015659356592004152,0.17530565156957653,0.13217951371987963,0.22362334578038062,0.00013280830596522228,0.00013279224126028206,0.21301794230900786,0.0001327969205231647,0.25518576334622856,0.00013279224126035817
0.5119999999999987,-88673.83538941001,0.002994559334856682,0.16074105682523213,0.13609530298807543,0.21751179269758705,0.002972931910237542,0.00037054735088228556,0.21101009041209706,0.0029030213271238614,0.26503014980294665,0.0003705473509610956
0.5124999999999986,-88737.94624437433,0.0001656568832733745,0.1807497921565529,0.12718567666890276,0.21653231495137795,0.00016565389904519548,3.5145805665259296e-05,0.21576901463427375,0.00016508658236677503,0.25919651261278387,3.514580575884371e-05
0.5129999999999986,-87384.06840056536,0.023823733199005357,0.17976692041927955,0.10713378639141724,0.21092306321770413,0.0033595179086517686,0.002380924955008537,0.21302644755353703,0.002410232378455521,0.25479444902192855,0.002380924955013074
0.5134999999999985,-87591.03740108799,0.01259483171978296,0.17793184497016146,0.1195780468769845,0.21277312962496464,0.0023361100502028325,0.0022601819822346443,0.21305292723240515,0.0023361100502207574,0.2571257729260505,1.1044566992840314e-05
0.5139999999999985,-87872.97565429131,0.00011877920338221203,0.18207744370096846,0.12504743737782056,0.21746917893436746,0.00011732822190753332,0.00011732811077853662,0.21614871175452227,0.00011732822193320583,0.2586691363582083,0.00011732811611068034
0.5144999999999984,-87519.46512827706,0.0007959933507412142,0.1890086338180814,0.11495795732011944,0.2191138835692095,0.0007959684283388855,1.8988055500627665e-05,0.21612863115758543,0.0007959073744848229,0.258365057531514,1.8979394424294436e-05
0.5149999999999983,-87179.94536207279,0.0007491797609156299,0.1806803447547182,0.12534166906073926,0.216764307594393,0.0007415548299011124,0.000727711085832543,0.21536823848466,0.0007394310037840487,0.258159852339202,0.0007277110858558847
0.5154999999999983,-86931.5494869668,0.0006651701789628171,0.1834300583223231,0.12299134698066702,0.21688254339814045,0.0006521566963371234,0.0004111694382645775,0.21595324501869056,0.0006512855553978157,0.2579518474695184,0.00041117694169834064
0.5159999999999982,-86384.77260280435,0.013678739928159607,0.1825782912389482,0.11592860573826518,0.2149693540037534,9.755507233332073e-05,9.744349904728094e-05,0.21616414626132893,9.744353598644851e-05,0.2562909772234144,9.744349876420754e-05
0.5164999999999982,-86213.874265707,0.002097077406829278,0.17934938919763727,0.12442640293697436,0.21693093820471268,0.0012894227797420636,0.0011461136665206631,0.21520787629533808,0.0011466394978452874,0.25726002635470574,0.0011461136596940165
0.5169999999999981,-85831.02766110098,0.0034374856266438077,0.1787622587810754,0.1238143097273031,0.21563930108746862,0.002694749335980274,0.0013253974049468606,0.2146855388805237,0.0014100723750736528,0.25700566470903463,0.0012252220719502632
0.5174999999999981,-85637.88305367611,0.0014371549407525015,0.19769780496912362,0.09957090760993026,0.2229201386079407,0.001435342571677387,0.0006274733520242737,0.21767703319057966,0.0009392147520075936,0.25706745665387126,0.0006274733520931185
0.517999999999998,-84831.28236106214,0.00631850991188063,0.17178135126219093,0.12341962115510588,0.21647703540889265,0.004849708944720229,0.0032323423557916553,0.21215235459873025,0.003785922238906495,0.2547508117678651,0.0032323423559158944
0.518499999999998,-84545.80707743096,0.006665573698842231,0.17794400498511545,0.11842598669045346,0.21449146813362102,0.004108209030469701,0.0038306518670772204,0.21347731694558533,0.0038314150082258856,0.25421059115918804,0.0030147824814226645
0.5189999999999979,-84821.08810535155,0.0016592007764383528,0.17898080979156306,0.12475989260148138,0.21802439415146402,0.0010028557163014062,0.0009897700780252285,0.21644391158538076,0.001002855716302357,0.2561465395050188,0.0009897700780255299
0.5194999999999979,-84453.6785197844,0.00205492962143426,0.18946901899229707,0.11339480722484666,0.2175103001491208,0.0014172879708799196,0.001315807021651268,0.21655776343145874,0.001316479089908547,0.2556477992105348,0.0013158072878696578
0.5199999999999978,-84306.81064161017,0.0027198861462611897,0.17201551387195058,0.12953464960785568,0.2219463435133368,0.0004948057411128691,0.0004375538566553168,0.21779439477600523,0.00043767389343191484,0.25418162472147143,0.00043755387191852477
0.5204999999999977,-83899.44309364489,0.005083740837464254,0.17686906979442255,0.12310554813315672,0.21722617443568332,0.005045511398130251,6.934762603684997e-06,0.21636942544874177,7.0057010321232255e-06,0.25627965472609326,6.934762672657383e-06
0.5209999999999977,-83684.53261881848,0.003170712545172767,0.1703752935462687,0.1301292167817644,0.2202406429239992,0.0031328894993997254,0.00013175127793023662,0.2159368884813111,0.00027884642506900535,0.2564720072407014,0.00013175127838454517
0.5214999999999976,-82979.24277572482,0.020542889213429436,0.1684304961427001,0.12192099514698708,0.21651777423393978,0.0007793100167995163,0.0005345576069267805,0.2162199864128528,0.0005345576070098016,0.25398487601198166,0.000534557607374472
0.5219999999999976,-82687.07493468827,0.020079048454584122,0.17230018273906295,0.11837686911656274,0.2161944434977276,0.0010340923317270231,0.0006522380353946054,0.21618111665582593,0.0006522380367964685,0.25387753309688393,0.0006522380354342651
0.5224999999999975,-82216.2461596278,0.013746569832112155,0.18748644798121872,0.0979326854806485,0.21867572811185293,0.002619027600739973,0.00254053055582923,0.21752637192991006,0.002540529934668277,0.2543915786383595,0.0025405299346605787
0.5229999999999975,-82225.37075515263,0.003775529679364461,0.17282074435749512,0.1243653137578533,0.21925020403772336,0.003208228924910009,0.0024373071633949205,0.21510869216656692,0.002437307164699912,0.2541593655815191,0.002437307166474492
0.5234999999999974,-81929.98544098207,0.010884204362148653,0.1747155823235884,0.11938607016757004,0.21678412451711557,0.006462854386072949,0.0005491907999354034,0.2160115035694298,0.0005491908003688997,0.25410808827377424,0.0005491907999946347
0.5239999999999974,-81809.66543205941,0.011553366219425924,0.16145901879364766,0.13005559859631668,0.22641239294680723,0.0003677417598335043,0.0003120652486808386,0.21679079123210912,0.00031206525593265207,0.2524248946985474,0.00031206524869729387
0.5244999999999973,-81008.27701650369,0.013830813182698371,0.1776280582318457,0.11198258197676925,0.21500503588448241,0.006871434698076522,0.002505349278431163,0.21490865622091412,0.0024784160605533356,0.2523112384056684,0.002478416060563089
0.5249999999999972,-80499.67386458647,0.020411390875841838,0.1678893996805798,0.11722303709945872,0.21517695205562853,0.0036038715714927956,0.0035929358055293544,0.21347871638606747,0.0035929358047702017,0.25143782491462885,0.0035929358060020618
0.5254999999999972,-80571.12894139602,0.004995135211431959,0.17810687890291202,0.11420367973799671,0.22062854987966912,0.004717975427782225,0.003574251036109895,0.2140359027922015,0.003574251036523363,0.25258912493895974,0.0035742510364148313
0.5259999999999971,-80237.59944868372,0.0074367099302644814,0.17094711778974456,0.12077728827751875,0.21837174038477783,0.0038401654185611775,0.003731189935077474,0.21357515105684163,0.0037311899350901635,0.2538582573369475,0.0037311899351742234
0.5264999999999971,-79653.29833021089,0.018048707425800767,0.14684703042881073,0.11348127304003112,0.2268310414362349,0.017432522995158288,0.00043250309992498706,0.2166655524830431,0.00043250309992608405,0.2593963629225162,0.0004325030685543518
0.526999999999997,-79447.93368802078,0.012086311667723141,0.17246771179858705,0.11175534447519264,0.21904650196378758,0.012021549122290856,0.0029651480622688207,0.21114021649067455,0.002965148010168849,0.2531628652314753,0.0023892031778308337
0.527499999999997,-79985.50898764005,0.0029403285772365965,0.1743967883942099,0.12485803048617014,0.22231473720663475,0.002705281904491267,0.00019816823978965217,0.21804700845252772,0.0001981682398912778,0.2541433202591513,0.0001981682398997926
0.5279999999999969,-78965.11869795407,0.014146556224273325,0.1669255704726932,0.12146814760711672,0.2193891880826196,0.0035771392436097773,0.0035650431315925476,0.21290932016018632,0.003565042586651516,0.25088894990324406,0.003565042588013234
0.5284999999999969,-78540.7393707055,0.006590572575191957,0.19600216651382227,0.07803517028992729,0.23145560379700228,0.0061357681477846055,0.0038701109395959314,0.21604151689970835,0.0038701109298649463,0.25412886979813265,0.0038701101089712816
0.5289999999999968,-78098.07072721852,0.008267218666510019,0.16857774850310353,0.1058673182695781,0.23048678494799604,0.008199045400502744,0.0067083360634697855,0.21077443325247297,0.005263465998151695,0.25059218290002216,0.005263465998190853
0.5294999999999968,-78672.9949997297,0.007030678487746259,0.17149046703675175,0.12436964245061934,0.22223492942324546,0.0012359227324635325,0.001155623688553694,0.2176524408616967,0.0011556236885887164,0.25267835926338794,0.0009963123669473317
0.5299999999999967,-78660.50870165414,0.00105908101364888,0.1738631807238424,0.12529357231565488,0.22586922240099397,0.0010556062325250042,3.4443533205642856e-05,0.21879667766697047,3.437463935054627e-05,0.25395946696348126,3.4374510326590536e-05
0.5304999999999966,-78092.76983874576,0.004092020130738274,0.17591742894208143,0.11685150092079019,0.2252065072534559,0.004008471064088142,0.0029901235373388656,0.21742971653321944,0.0002588298038354114,0.2529865720106107,0.00025882980384066924
0.5309999999999966,-77568.78828607983,0.005216674015027172,0.1636395560176042,0.13114447302672422,0.2194649289478712,0.004644053052276803,0.0032256495251592973,0.215411662361926,0.0032256494820550046,0.25253780739943815,0.001489546171919637
0.5314999999999965,-77602.24428322904,0.004234375928657779,0.18764331390567596,0.1086328122920347,0.22398175708654885,0.002841012335477258,0.0004265258030664619,0.21911203332452528,0.0004265258031784915,0.2522751177175781,0.0004265258032558883
0.5319999999999965,-77306.2688588866,0.00424131760047714,0.1652760094435218,0.12836019767135545,0.22582942644773715,0.00408671459082043,0.0016336508030587288,0.21755839809744473,3.171130959935967e-05,0.25295086272638717,3.171130959884107e-05
0.5324999999999964,-76783.05708744617,0.00712534848672409,0.16733800975480367,0.1246761907680416,0.2234682563517602,0.004001101494258608,0.002808310324004347,0.21598828308451404,0.0015376884179811052,0.25153098546033387,0.001525825857581083
0.5329999999999964,-76667.55270724338,0.003026940986071522,0.19282544113564856,0.10136522707770819,0.2254405531200632,0.002952061877057691,0.0028999086649993833,0.21911531444217677,9.469351698713012e-05,0.252185722928393,9.413625089537791e-05
0.5334999999999963,-76256.26466194315,0.0028632010675634233,0.17096439791341825,0.1229142152261689,0.2248178165192276,0.0026040208699830594,0.0026016903925351045,0.21713723775095353,0.0026016851346218526,0.25089404999074627,0.0026016851347834525
0.5339999999999963,-75882.23917208206,0.00830264766190119,0.16816327417993335,0.12215928097104095,0.22383302409270664,0.0030057091952819543,0.0022799477534781796,0.21657275158171801,0.002279947753453131,0.25112346905675326,0.002279947753734286
0.5344999999999962,-75444.45937346372,0.006123440523955669,0.16917644450886016,0.11956842275397643,0.22361811525581204,0.006003108538416597,0.003607214964269967,0.21537782695301458,0.00360668495911532,0.2502418391804343,0.0026769023621453316
0.5349999999999961,-75580.09183514446,0.001667658678465502,0.17209456829507344,0.1236783684076773,0.22640401204840047,0.0016268124602518068,0.001582204482347602,0.21829848338028532,0.0015822044801286955,0.25148348328710146,0.0015822044802660873
0.5354999999999961,-74422.17643523318,0.020312493741285857,0.16891933999038158,0.1061760517405291,0.2198886093217842,0.01350707228814686,0.0024785859961278397,0.21484713392032231,0.002478585429847846,0.24891354214161437,0.0024785854299623784
0.535999999999996,-74949.3982704144,0.0023528216241742663,0.17480292773557937,0.1228280169545413,0.22256069083601973,0.0020047179574797422,0.001853518677268628,0.2189217400662197,0.0018532153103988365,0.2509691355278927,0.0018532153104276912
0.536499999999996,-74266.42414664479,0.011356097562839765,0.1712199837176256,0.11245912947019186,0.22330644664370503,0.010669583586398598,0.0016273577291804266,0.2165112731167922,0.0016273577291780086,0.24959541271249794,0.001627357731590021
0.5369999999999959,-74524.3188301558,0.0011041867928998418,0.1479017510941529,0.13865206065849875,0.2350802998137772,0.001076489968370494,0.0006784590250919477,0.2198196640288,0.0006784588328553003,0.25433017095270244,0.0006784588328514025
0.5374999999999959,-74287.83749764338,0.0008091121753127042,0.1702483393502364,0.12683218080945413,0.22847413864075128,0.0008071014110355427,0.0008034904674911346,0.21973981971652592,0.0008034904675531268,0.2506788364941179,0.000803490467522926
0.5379999999999958,-73291.66990584455,0.005923844205887883,0.17878337618049261,0.11197281254571773,0.22007001588948938,0.005460591183283188,0.004575497057766335,0.21622347332581715,0.004575496996438918,0.24783939561866503,0.004575496996442958
0.5384999999999958,-73487.54588902176,0.004175336944937364,0.16732979520094357,0.12609701174052584,0.2273657218101386,0.0019017891091232411,0.0018937076524029076,0.21799834528411452,0.001893707652422922,0.24945087695296184,0.0018937076524303924
0.5389999999999957,-73285.27368632238,0.0036615374230738003,0.1603900331243301,0.1301810182574111,0.2289565291201965,0.0021306006537790676,0.0012128300260161604,0.21913284714123774,0.0012128119433073934,0.2519089797057622,0.001212812604885907
0.5394999999999956,-73008.1823604873,0.006124690940938507,0.16482380575472524,0.12668490503311977,0.22665646449964966,0.0039393914593019224,0.00041796835252450384,0.21986849186418814,0.00041250441132952047,0.2506593957682477,0.00041238191597673686
0.5399999999999956,-72648.27848177929,0.0024399938633440765,0.1674591141903816,0.12601939032694756,0.22746281369132423,0.002061000475667755,0.0020355404154978655,0.2187127551163477,0.0020355404276178293,0.24973831106294295,0.0020355404299294442
0.5404999999999955,-72480.68577854597,0.002066321344485878,0.17523317042157352,0.1198719381588438,0.22339080909457468,0.0018850572579805576,0.0010717034372828196,0.21961112662378987,0.001071703438980944,0.2547264667914101,0.0010717034310779425
0.5409999999999955,-72137.01314868875,0.010881402332749427,0.17001404451588492,0.11971573991267712,0.22797720518370257,0.000455634603252707,0.00045145969361006465,0.2203320453973542,0.0004514596573754748,0.24938975617762402,0.0003312525257705869
0.5414999999999954,-72115.16012985945,0.00015751281138811065,0.16884342209616235,0.12786270851069625,0.23086842387010628,0.0001428081178061352,0.0001116753294568275,0.22109076167771072,0.00011167532870848559,0.2506993369282867,0.00011167532967915155
0.5419999999999954,-71780.1395529144,0.0004378082443893276,0.1695660136698385,0.12620278166879048,0.22869915424252368,0.00043780646197524934,0.0004170482910897201,0.22187472950586898,0.0004170482910607594,0.2515305613334078,0.00041704829105499726
0.5424999999999953,-70946.24351398805,0.006506107349251863,0.16294654150616147,0.12429670769488291,0.22734066405465575,0.004791014998429134,0.004761648786167555,0.21567390113215232,0.004761648428647582,0.24845872719852669,0.0004630388511222945
0.5429999999999953,-70438.04960585166,0.010202059694926545,0.17937632158906078,0.09693062867966613,0.2301139277622942,0.010089241584790338,0.004105588304155633,0.21682693469171396,0.0037036945440751343,0.24795371422314968,0.0006978889261659063
0.5434999999999952,-70479.61270576193,0.008306935715321559,0.15967256424138696,0.12695079497801814,0.2278944716292934,0.007842479573585234,0.00133163476204255,0.217568983277173,0.0013283192789573202,0.24777549726528114,0.0013283192789400819
0.5439999999999952,-70538.03962204339,0.0022482200901771322,0.16699971845699038,0.12617433380598544,0.23058032790770083,0.002103324943534228,0.0020920635617526157,0.2198675673051201,0.00011124659849277991,0.24971739017355318,0.00010580715669291166
0.5444999999999951,-70268.6531199396,0.003022887303787781,0.16730403424413637,0.12473894607452704,0.23213521771943343,0.0007798322861017674,0.0006552699806267189,0.2208074793351779,0.0006540417718984086,0.24924824951198443,0.0006540417723270303
0.544999999999995,-69517.95851309304,0.01297657527458723,0.16255470874330322,0.12147247031871321,0.2269091825467985,0.0026455297148815166,0.0024934503440916258,0.21847542575046403,0.0024934402936878353,0.24748577671975122,0.002493440293722234
0.545499999999995,-69740.90629495695,0.0012559682553922357,0.16648972316529767,0.12736602229500618,0.23212870673287653,0.0006369470842762185,0.000623499321415011,0.22114184386524538,0.0006213570492696202,0.24914197586567055,0.0005939563655514
0.5459999999999949,-69328.27828684541,0.003541339857133189,0.15918464217421416,0.13056242518302752,0.23187221920156925,0.003434739457298296,0.0011423963608743054,0.22012705275378164,0.0006074548438858295,0.24892027532439387,0.0006074548438238703
0.5464999999999949,-69155.31718536708,0.0049233682035585225,0.17106152871445274,0.12249728085353936,0.22789289630137227,0.0002051842043706105,0.00016206705949523294,0.22618147062514898,0.0001620670580421089,0.2467520699219783,0.00016206705804181447
0.5469999999999948,-68280.92541815342,0.017129955433633694,0.16354423107143257,0.11651987332528756,0.22891924678577427,0.004214917135593727,0.002278627518032538,0.2175522371577976,0.002278627518115328,0.24528365653622633,0.0022786275181077413
0.5474999999999948,-68371.23731766416,0.002194974025674792,0.16651918339457095,0.12165618719965009,0.23321488137522506,0.0021354561099265427,0.00213145853335112,0.22059550453552834,0.0021314585031812377,0.24728943781922214,0.0021314585036698074
0.5479999999999947,-68065.49097881005,0.007059088993590899,0.1671184881350755,0.11792711737537122,0.23131166795684102,0.006810425205940151,0.0008738372212926182,0.22046152524679616,0.0004473948855406612,0.24754306009278365,0.0004473948867699034
0.5484999999999947,-67872.87770973565,0.0023258859844341177,0.16479400867608598,0.1256112971865644,0.23240263750480392,0.002310215286814507,0.0014895274509036883,0.22055399872574083,0.0014895274501648048,0.24753337428350378,0.0014895274509833696
0.5489999999999946,-67648.45789703565,0.004746221455637348,0.16302483338790166,0.1267871768961236,0.23271434770863678,0.0016219382659928689,0.0007047498652522853,0.22114474077430032,0.0007047498624450842,0.2478464919199625,0.0007047498637477307
0.5494999999999945,-67258.21968187738,0.012172360615107722,0.15905793114563388,0.12870056040863984,0.22870639953521954,0.0021158074721862527,0.00022067903190564186,0.2217278016902089,0.0002206762016338385,0.2468571077328981,0.00022067616656537675
0.5499999999999945,-66504.34167855102,0.014065781362878728,0.15920633111849614,0.12092236385845032,0.2265199695297462,0.004725773836281704,0.004718960210526917,0.2181396588874002,0.004663444933962566,0.24556333038125783,0.0014743858810022771
0.5504999999999944,-66856.97738756353,0.0009398502770972969,0.16412356988865187,0.12744817759389385,0.23441179077015223,0.0009247483498397435,0.000906052932191848,0.2217930008469991,0.0009060528605559872,0.24764070361904914,0.0009060528615715799
0.5509999999999944,-66647.40568777005,0.0015078131084427001,0.16221152210243125,0.13016305248907728,0.23419944592285286,0.0014680508518497626,4.073034195744323e-05,0.2222945366035991,4.0730341991191223e-05,0.24803338789584292,4.0730341957394914e-05
0.5514999999999943,-66166.36349790884,0.0031873055992761128,0.16295028539977385,0.12641366745613758,0.2333702336436949,0.0025531491665064993,0.0013107977315502512,0.22121526594003504,0.0013107977379839058,0.24637769959309458,0.001310797731948135
0.5519999999999943,-66038.60524538618,0.0007576471474765869,0.1638204257428856,0.12728478953829606,0.23576475504327785,0.0007564944068545957,0.0006461245779801582,0.22206409680344255,0.0006461250212840069,0.2476137817690889,0.0006457599494139842
0.5524999999999942,-65845.87430436259,0.00010727920010665492,0.15901853390769582,0.13327754851201154,0.236392438628798,0.00010724862936237335,1.3310675590886638e-05,0.2229807789080764,1.3302095923225862e-05,0.24807625779899317,1.3301643441839122e-05
0.5529999999999942,-65302.327080375006,0.003154785980151862,0.16172696621851965,0.12637880223152823,0.23443365263057697,0.0023031577092974768,0.0022592909528903345,0.22115938840677193,0.0011849260539917189,0.24621410376110117,0.0011849260551704988
0.5534999999999941,-64775.54912170092,0.016450681167300606,0.16205019295281167,0.11642581481218911,0.23209790094237726,0.0036766735910143907,0.0036766689932000033,0.21998510218228096,7.411209980716469e-05,0.24548880935120704,7.404390781259138e-05
0.553999999999994,-64689.959776940465,0.0019807754502312357,0.16826220833784455,0.11576751084151583,0.23915450449725098,0.001977009529214472,0.0019703456271414313,0.22192596407418713,0.0019703456270679016,0.24502099038837857,0.001970345627167658
0.554499999999994,-64635.244636952266,0.0006978833338917387,0.167288656676141,0.1189293647848965,0.23469197190986385,0.00041408941315057254,0.00039361973866300565,0.22460697476833674,0.00039361920691806244,0.25219020096163075,0.00039361920650621854
0.5549999999999939,-64275.23812780392,0.001586981382690094,0.1614386980248512,0.12766128256757003,0.23643753570496523,0.0015756078958942376,0.0008648976338996132,0.22234275588635577,0.0008648976339280593,0.24636244563528908,0.000864897634555804
0.5554999999999939,-63235.284478927315,0.02508499921694369,0.15804935400116374,0.11113719087475232,0.22573849003134497,0.014543256406804709,0.0007128110716262435,0.2194716428525762,0.0007128102379456495,0.24383663461738656,0.000712810689455992
0.5559999999999938,-63772.32176603302,0.0007146750837118177,0.16193708959173614,0.12854979540162567,0.2371776600447641,0.0005809056711682173,0.0005807750667267183,0.2232211635536657,0.0005807750680231359,0.24607638545150876,0.0005807750670690635
0.5564999999999938,-63316.504079956496,0.001763036536991298,0.16145361545502304,0.12456419261768842,0.23733270623605326,0.001762557379984662,0.0017585417026774932,0.22121098849054296,0.0017570338599060037,0.24664029438928534,0.0017570333318493358
0.5569999999999937,-63177.22059714272,0.0011891199002894098,0.1609129639445027,0.12855824247186662,0.23738519073289296,0.0007472745756128285,0.000715727998739523,0.22298066727800875,0.000715728025711574,0.24607935707379486,0.0007157279985806291
0.5574999999999937,-62228.46418908423,0.01303818065876001,0.15545050185471213,0.12123214689237992,0.23250676153248118,0.004637756703907468,0.004482562373383504,0.21888381202989568,0.0038803964016420694,0.24200748515098547,0.003880396401852228
0.5579999999999936,-61981.77742243235,0.019269114012773786,0.15361773864228637,0.1201729592024281,0.23306925687391702,0.003087873377370377,0.002872415460080398,0.21984182109932485,0.0028724154616592253,0.2423239904072157,0.0028724154629449377
0.5584999999999936,-62232.84186721463,0.002011263294597731,0.1617380598027072,0.12421229747256753,0.23837847682901914,0.0020012972169743313,0.001990431992918094,0.22228760850355783,0.0018708140279224933,0.24543651619476234,7.323466497339823e-05
0.5589999999999935,-61238.656804008126,0.006138826031485939,0.16612018754023256,0.11057214528147917,0.23364378597238158,0.0061386063375374455,0.006045851325508649,0.21791856072424734,0.006042534236946843,0.24133879559155255,0.00604070695862914
0.5594999999999934,-61580.78015480742,0.00831871089959045,0.1592445999543911,0.12386206659781678,0.23714529826267614,0.0012068530501937475,0.0011112859994378609,0.22298106004002655,0.0011112860005367874,0.24390755319666332,0.0011112859986663502
0.5599999999999934,-61201.076083259686,0.007393582032431526,0.15417588865610446,0.1261964000512,0.2358731265718775,0.007389298965153959,0.0019197539690187899,0.22123574936776652,0.0006675008232527629,0.24448270094748936,0.0006659986157052237
0.5604999999999933,-60867.714928970294,0.014300914742303614,0.1455031743035218,0.13089382515982653,0.23826484554951086,0.001326059634309166,0.001310252008472746,0.2220220999724438,0.001309714491408019,0.24384531006385401,0.0012238040743484866
0.5609999999999933,-60582.820762204574,0.004498497210451708,0.15187493362672064,0.12939747882303995,0.2375471137768455,0.004200979941484899,0.003050288751060964,0.22060826194351085,0.0023497479618348085,0.24412295000323128,0.0023497479618199008
0.5614999999999932,-59962.626262956604,0.008989166121459849,0.15903204824242367,0.11513627160130702,0.23530953404916807,0.00826420175509348,0.00409288354142318,0.2193788059980278,0.0040928833463274115,0.2416113219902085,0.0040928833545636825
0.5619999999999932,-59875.929894912275,0.005360662983266533,0.15394866622087638,0.12234059010571358,0.23865332741775766,0.004545261415705521,0.00366780341865768,0.22138243198556498,0.003640632408063036,0.242819991635819,0.0036406324085755913
0.5624999999999931,-60107.21003142289,0.0004096668824877105,0.16545830503905942,0.12033111224702929,0.24332012105949155,0.0002904377764415695,0.0002516695057633411,0.2246826719077094,0.000251263338998125,0.24475348890442805,0.0002512633385940556
0.5629999999999931,-59584.57957075295,0.0039625769131944955,0.15618642546062814,0.12737459683720204,0.23799446771079616,0.0036322679522215644,0.0014849182724278995,0.222698077462361,0.001484914874067088,0.24369683964204328,0.001484914875058137
0.563499999999993,-59190.28783474511,0.005968289408416483,0.165102410283654,0.11508254216620405,0.23857580070705856,0.005333820975310283,0.001758445359938343,0.22276082850473244,0.0017584453633545036,0.2419009718713623,0.0017584453599699713
0.563999999999993,-59096.82465603115,0.003243649205858368,0.15781168727510972,0.12609429149152018,0.2394188414451043,0.003125329943853662,0.0009365272533897003,0.22352202488308587,0.0009318198807957503,0.24398400873893888,0.0009318198823430199
0.5644999999999929,-58942.337202342365,0.0011742801988651904,0.15029408710745712,0.1324654647619333,0.24114350242524343,0.001174275323133716,0.0002569583140837753,0.22281609061200588,0.00024956405917594883,0.25017621334489215,0.0002495638532100396
0.5649999999999928,-57724.37228309754,0.026153225165150843,0.15728464426983477,0.11057593681014743,0.2278861879171235,0.007468758187347538,0.005374570730106729,0.21861368407568377,0.004052757423591458,0.2406839455640826,0.001906289856932949
0.5654999999999928,-58084.96536538461,0.002836053238542758,0.15874866418219885,0.12255871619435815,0.24033071298033115,0.0028226234330903373,0.0025848815538870133,0.22278232615972057,0.00258485358181617,0.24216631509404057,0.002584853582012804
0.5659999999999927,-57972.36435585573,0.00862482163777489,0.15571088168390185,0.12629732680796565,0.2398190129400497,0.0011597476192215922,0.0003338552062418842,0.22430115452447064,0.0003338552058773372,0.24308548916677225,0.00033385520772306426
0.5664999999999927,-57731.5893073556,0.0012030725183892388,0.15617288334222065,0.1292981324200011,0.24172117804487386,0.0011080798576633894,0.0010868047055081335,0.22374957043232094,0.0010868046707676663,0.24348668708998936,0.0010867869182665066
0.5669999999999926,-57420.21826077473,0.006284531474029443,0.15186596502172856,0.1300207900612643,0.2414156361564782,0.0011716836379013402,0.0011689196944936699,0.22419500623192765,0.0003546879217314546,0.24316809187860247,0.0003546879218416962
0.5674999999999926,-57167.87636489304,0.0015773412985823163,0.15611725238936333,0.12874429966169795,0.24183170210438207,0.0015224967231924477,0.0009313055985444401,0.22422740820162354,0.0009167980998626288,0.24321459782191812,0.0009167981008344114
0.5679999999999925,-56619.322193215085,0.0030233945099474397,0.15907361311140325,0.12098616236398857,0.24080563791944234,0.0030178677533441527,0.0030148449675868045,0.22167883832185534,0.0029864992814849366,0.24242664248189394,0.0029864992890527697
0.5684999999999925,-56417.88705167793,0.010149290443237242,0.15518769014311973,0.12320428078956594,0.2389705572061278,0.004868158105707472,0.0007715591494582944,0.2235873528726513,0.0007564031838832416,0.2417483049223912,0.0007564031838555164
0.5689999999999924,-56070.01968403791,0.0023485407200377817,0.17308467463925725,0.09820984097785414,0.24964432056571562,0.0023208322567543787,0.001995442478238611,0.22633924478594364,0.001989342582591761,0.24207841841100633,0.0019893425826000666
0.5694999999999923,-55793.9197739292,0.009625747250889083,0.14927779053111764,0.12957702979160907,0.23896929262247393,0.0020880215591685216,0.0019095827827540705,0.22318548572986546,0.0019095464556600384,0.24156038356309203,0.0018971197133721043
0.5699999999999923,-55868.16903169095,0.00017937848503654243,0.15995699469624108,0.12393381370801587,0.24629536544498845,0.00010866818581821394,0.00010850185090039371,0.22613767976904348,0.00010835483181587093,0.24306288819544974,0.00010835483269057682
0.5704999999999922,-55014.8240688547,0.013584586847573627,0.16116402560577392,0.11065507153258645,0.23894606088056936,0.005775362996427353,0.005775362812633882,0.22138573981918458,0.0015215097679934055,0.2396707699692673,0.001521509767992687
0.5709999999999922,-54232.49545364303,0.02099343806872727,0.14192851024735917,0.11948035088164984,0.23046121520734322,0.01559042502480755,0.014093346158723393,0.21790326217922518,0.0011633432879419238,0.2372230412401367,0.0011630677040871144
0.5714999999999921,-55032.21659391995,3.3666427551547334e-05,0.15665199639362246,0.12929269677327107,0.24488598818779522,3.365939099668072e-05,2.4098788290681685e-05,0.22605629469691396,2.409866210033347e-05,0.24297340201735904,2.4098662100510007e-05
0.5719999999999921,-54282.539546716565,0.004587642873310226,0.15284059446242682,0.12309663912544462,0.24252543456020093,0.004573710884099667,0.0032674586303036495,0.22217437735821757,0.003267458523307775,0.24039922505930728,0.0032674585233833722
0.572499999999992,-54457.53207025242,7.98114821377044e-05,0.1551274899013503,0.1306111444798387,0.24504534195993566,7.951649676376158e-05,7.687628470892999e-05,0.2260826183470586,7.687263982693332e-05,0.24274345576569598,7.687264268324091e-05
0.572999999999992,-53832.590693364626,0.01327722497330072,0.1530728568857184,0.1210429142639623,0.24115688863198706,0.005265036594774365,0.0007523183791553931,0.22408823913042078,0.000752318379376327,0.2402872285973497,0.0003049741639543679
0.5734999999999919,-53684.70795465459,0.0021631419114130773,0.14821830486594073,0.13205164792400198,0.24487245364113083,0.001902593789324049,0.0018912747301145809,0.2241920144679369,0.0018906670359420184,0.2417671736305561,0.0010507280036401855
0.5739999999999919,-53330.365639148375,0.001555053729183604,0.18044963808091224,0.10040727819055892,0.24550157894057154,0.0013142874250359686,0.0013142580488075498,0.2264009387715651,0.0012200102493473285,0.2406169463146349,0.0012200102493830074
0.5744999999999918,-52628.77131937517,0.008858848716771067,0.13997513575166248,0.12978993534970615,0.24023053766993294,0.008525630451095657,0.005318456329098745,0.21975031223150507,0.005259526314995397,0.2396858136012901,0.002605803583942309
0.5749999999999917,-52726.09469873349,0.004188506902479639,0.15565353475040306,0.12188740822879138,0.24333232234177432,0.002964632321723497,0.0029646077908025282,0.22452609563578801,0.0019789964221808036,0.24052489918378223,0.0019789964222747766
0.5754999999999917,-52576.3478708202,0.003241876740436149,0.15306873108011357,0.12774705515201232,0.2440666541609571,0.0030301848667317493,0.0009805216117020092,0.2250456658391374,0.0009802145879020754,0.2408588813726044,0.0009802145884023005
0.5759999999999916,-51993.608816081105,0.004222858258834231,0.1678460679229694,0.11032593800560564,0.23960286031536585,0.0035250859557252805,0.0034285665283772895,0.22488308746764515,0.003404748669408693,0.23935603820453902,0.0034047486715313097
0.5764999999999916,-52106.434537264475,0.0021707479160511063,0.15641680277251965,0.12444434899462883,0.24702309475755604,0.0016525060022792289,0.00032748036043910267,0.2262022975687181,0.00031377245029786977,0.24113517672705911,0.0003137724504516406
0.5769999999999915,-51552.38104015893,0.0180971569483348,0.14943372177646566,0.12285639862251461,0.2430941371145127,0.0007670939769408586,0.0007670937756922836,0.22505079393997598,0.00076648042199784,0.23840064300149005,0.0007664804220736503
0.5774999999999915,-51504.95227158403,0.0010171141108341376,0.15198588748005967,0.1301004810063411,0.24615260670291866,0.0010169600875346088,0.0010097088796946895,0.22592183657056952,0.0010096750735624274,0.24081787034504318,0.0009678597434417849
0.5779999999999914,-51172.034155107554,0.0015237641310097193,0.15183181062609868,0.12912689927433527,0.2458902054749892,0.0015234867571248438,0.0014888374988299559,0.22556586211962407,0.0014888373809072062,0.24037465326366222,0.001185643473420887
0.5784999999999914,-51004.133660078456,0.001925489323159751,0.15200207308152985,0.13000643411220586,0.24658517586675374,0.0019189446779798722,3.467071125505349e-06,0.22656868593160576,3.4670711626953717e-06,0.24098279579719503,3.4670672831256207e-06
0.5789999999999913,-49893.09915782365,0.010764257130749867,0.15653689201136542,0.10583315698930036,0.24330273104184072,0.008646765170379536,0.008646548928355336,0.22021520425716595,0.005017958637416742,0.23601852717865285,0.005017958654773702
0.5794999999999912,-50090.833884130465,0.00822386951936215,0.1642345067210227,0.1053649337138074,0.24825810202382487,0.003956320046534788,0.001835230327195701,0.22623026463699508,0.0018070502717314496,0.23828267246777612,0.001807050271750994
0.5799999999999912,-49796.97761334964,0.0189568424676465,0.15993307083942845,0.10735206707251921,0.24647076668748014,0.0008843808208893695,0.0008842871547336377,0.22626409379713272,0.0008842783557517045,0.2374859344486413,0.000884278355776482
0.5804999999999911,-49676.308568039494,0.009276849976390495,0.15291366878233895,0.12174428012480636,0.24720655985746645,0.0015131536882501315,0.0010394913282469908,0.22540808500474543,0.0010394689712175187,0.23881897329522833,0.001039468971309631
0.5809999999999911,-49213.189707684694,0.008161733973369755,0.14686603017946565,0.12561484645406182,0.243441228752742,0.008103304103640536,0.0030976901800134436,0.22364766643185188,0.0017771545279456546,0.23751319086847028,0.0017771545284401744
